
ZAI = [
666
0
];

NAMES = [
'lost            '
'total           '
];

iLOST    = 1;
iTOT     = 2;

MAT_fuelsalt_VOLUME = [ 1.36700E+07 1.36700E+07 1.36700E+07 1.36700E+07 1.36700E+07 1.36700E+07 1.36700E+07 1.36700E+07 1.36700E+07 1.36700E+07 1.36700E+07 1.36700E+07 1.36700E+07 1.36700E+07 1.36700E+07 1.36700E+07 1.36700E+07 1.36700E+07 1.36700E+07 1.36700E+07 1.36700E+07 1.36700E+07 1.36700E+07 1.36700E+07 1.36700E+07 1.36700E+07 1.36700E+07 1.36700E+07 1.36700E+07 1.36700E+07 1.36700E+07 1.36700E+07 1.36700E+07 1.36700E+07 1.36700E+07 1.36700E+07 1.36700E+07 1.36700E+07 1.36700E+07 1.36700E+07 1.36700E+07 1.36700E+07 1.36700E+07 1.36700E+07 1.36700E+07 1.36700E+07 1.36700E+07 1.36700E+07 1.36700E+07 1.36700E+07 1.36700E+07 1.36700E+07 1.36700E+07 1.36700E+07 1.36700E+07 1.36700E+07 1.36700E+07 1.36700E+07 1.36700E+07 1.36700E+07 1.36700E+07 1.36700E+07 1.36700E+07 1.36700E+07 1.36700E+07 1.36700E+07 1.36700E+07 1.36700E+07 1.36700E+07 1.36700E+07 1.36700E+07 1.36700E+07 ];

MAT_fuelsalt_BURNUP = [ 0.00000E+00 0.00000E+00 0.00000E+00 0.00000E+00 0.00000E+00 0.00000E+00 0.00000E+00 0.00000E+00 0.00000E+00 0.00000E+00 0.00000E+00 0.00000E+00 0.00000E+00 0.00000E+00 0.00000E+00 0.00000E+00 0.00000E+00 0.00000E+00 0.00000E+00 0.00000E+00 0.00000E+00 0.00000E+00 0.00000E+00 0.00000E+00 0.00000E+00 0.00000E+00 0.00000E+00 0.00000E+00 0.00000E+00 0.00000E+00 0.00000E+00 0.00000E+00 0.00000E+00 0.00000E+00 0.00000E+00 0.00000E+00 0.00000E+00 0.00000E+00 0.00000E+00 0.00000E+00 0.00000E+00 0.00000E+00 0.00000E+00 0.00000E+00 0.00000E+00 0.00000E+00 0.00000E+00 0.00000E+00 0.00000E+00 0.00000E+00 0.00000E+00 0.00000E+00 0.00000E+00 0.00000E+00 0.00000E+00 0.00000E+00 0.00000E+00 0.00000E+00 0.00000E+00 0.00000E+00 0.00000E+00 0.00000E+00 0.00000E+00 0.00000E+00 0.00000E+00 0.00000E+00 0.00000E+00 0.00000E+00 0.00000E+00 0.00000E+00 0.00000E+00 0.00000E+00 ];

MAT_fuelsalt_ADENS = [
0.00000E+00 5.12713E-17 1.02455E-16 2.47098E-15 7.38307E-15 1.70105E-14 3.32904E-14 4.85891E-14 6.31748E-14 7.73683E-14 9.12578E-14 1.05077E-13 1.18666E-13 1.32174E-13 1.45907E-13 1.59540E-13 1.73113E-13 1.86712E-13 2.00442E-13 2.14255E-13 2.27914E-13 2.41754E-13 2.55857E-13 2.69734E-13 2.83746E-13 2.97994E-13 3.12118E-13 3.26112E-13 3.88432E-13 4.52599E-13 5.17089E-13 5.83544E-13 6.50169E-13 7.18189E-13 7.88294E-13 8.57452E-13 9.26123E-13 9.95794E-13 1.06657E-12 1.13903E-12 1.21130E-12 1.28323E-12 1.35572E-12 1.42866E-12 1.50039E-12 1.57363E-12 1.64831E-12 1.72176E-12 1.79704E-12 1.87094E-12 1.94604E-12 2.02103E-12 2.09572E-12 2.17018E-12 2.24584E-12 2.32121E-12 2.39770E-12 2.47260E-12 2.54784E-12 2.62431E-12 2.70178E-12 2.77791E-12 2.85372E-12 2.93035E-12 3.00676E-12 3.08373E-12 3.15968E-12 3.23581E-12 3.31219E-12 3.38911E-12 3.46560E-12 3.54241E-12 % lost data
6.51224E-02 6.51224E-02 6.51224E-02 6.51231E-02 6.51245E-02 6.51273E-02 6.51322E-02 6.51369E-02 6.51416E-02 6.51462E-02 6.51508E-02 6.51552E-02 6.51596E-02 6.51640E-02 6.51682E-02 6.51724E-02 6.51766E-02 6.51806E-02 6.51846E-02 6.51886E-02 6.51924E-02 6.51963E-02 6.52000E-02 6.52037E-02 6.52073E-02 6.52109E-02 6.52145E-02 6.52179E-02 6.52323E-02 6.52456E-02 6.52581E-02 6.52698E-02 6.52807E-02 6.52908E-02 6.53003E-02 6.53092E-02 6.53175E-02 6.53253E-02 6.53325E-02 6.53393E-02 6.53456E-02 6.53515E-02 6.53570E-02 6.53621E-02 6.53670E-02 6.53715E-02 6.53757E-02 6.53796E-02 6.53832E-02 6.53867E-02 6.53899E-02 6.53929E-02 6.53956E-02 6.53983E-02 6.54007E-02 6.54030E-02 6.54051E-02 6.54071E-02 6.54089E-02 6.54107E-02 6.54123E-02 6.54138E-02 6.54152E-02 6.54165E-02 6.54178E-02 6.54189E-02 6.54200E-02 6.54210E-02 6.54220E-02 6.54228E-02 6.54237E-02 6.54244E-02 % total
];

MAT_fuelsalt_MDENS = [
0.00000E+00 0.00000E+00 0.00000E+00 0.00000E+00 0.00000E+00 0.00000E+00 0.00000E+00 0.00000E+00 0.00000E+00 0.00000E+00 0.00000E+00 0.00000E+00 0.00000E+00 0.00000E+00 0.00000E+00 0.00000E+00 0.00000E+00 0.00000E+00 0.00000E+00 0.00000E+00 0.00000E+00 0.00000E+00 0.00000E+00 0.00000E+00 0.00000E+00 0.00000E+00 0.00000E+00 0.00000E+00 0.00000E+00 0.00000E+00 0.00000E+00 0.00000E+00 0.00000E+00 0.00000E+00 0.00000E+00 0.00000E+00 0.00000E+00 0.00000E+00 0.00000E+00 0.00000E+00 0.00000E+00 0.00000E+00 0.00000E+00 0.00000E+00 0.00000E+00 0.00000E+00 0.00000E+00 0.00000E+00 0.00000E+00 0.00000E+00 0.00000E+00 0.00000E+00 0.00000E+00 0.00000E+00 0.00000E+00 0.00000E+00 0.00000E+00 0.00000E+00 0.00000E+00 0.00000E+00 0.00000E+00 0.00000E+00 0.00000E+00 0.00000E+00 0.00000E+00 0.00000E+00 0.00000E+00 0.00000E+00 0.00000E+00 0.00000E+00 0.00000E+00 0.00000E+00 % lost data
3.28019E+00 3.28019E+00 3.28019E+00 3.28023E+00 3.28031E+00 3.28048E+00 3.28075E+00 3.28102E+00 3.28129E+00 3.28156E+00 3.28182E+00 3.28208E+00 3.28233E+00 3.28258E+00 3.28283E+00 3.28307E+00 3.28331E+00 3.28355E+00 3.28379E+00 3.28402E+00 3.28424E+00 3.28447E+00 3.28469E+00 3.28490E+00 3.28512E+00 3.28533E+00 3.28554E+00 3.28574E+00 3.28656E+00 3.28734E+00 3.28806E+00 3.28874E+00 3.28938E+00 3.28998E+00 3.29054E+00 3.29106E+00 3.29155E+00 3.29201E+00 3.29244E+00 3.29284E+00 3.29321E+00 3.29357E+00 3.29389E+00 3.29420E+00 3.29449E+00 3.29476E+00 3.29501E+00 3.29525E+00 3.29547E+00 3.29567E+00 3.29586E+00 3.29604E+00 3.29621E+00 3.29637E+00 3.29652E+00 3.29665E+00 3.29678E+00 3.29690E+00 3.29701E+00 3.29712E+00 3.29722E+00 3.29731E+00 3.29740E+00 3.29748E+00 3.29755E+00 3.29762E+00 3.29769E+00 3.29775E+00 3.29781E+00 3.29786E+00 3.29791E+00 3.29796E+00 % total
];

MAT_fuelsalt_A = [
0.00000E+00 0.00000E+00 0.00000E+00 0.00000E+00 0.00000E+00 0.00000E+00 0.00000E+00 0.00000E+00 0.00000E+00 0.00000E+00 0.00000E+00 0.00000E+00 0.00000E+00 0.00000E+00 0.00000E+00 0.00000E+00 0.00000E+00 0.00000E+00 0.00000E+00 0.00000E+00 0.00000E+00 0.00000E+00 0.00000E+00 0.00000E+00 0.00000E+00 0.00000E+00 0.00000E+00 0.00000E+00 0.00000E+00 0.00000E+00 0.00000E+00 0.00000E+00 0.00000E+00 0.00000E+00 0.00000E+00 0.00000E+00 0.00000E+00 0.00000E+00 0.00000E+00 0.00000E+00 0.00000E+00 0.00000E+00 0.00000E+00 0.00000E+00 0.00000E+00 0.00000E+00 0.00000E+00 0.00000E+00 0.00000E+00 0.00000E+00 0.00000E+00 0.00000E+00 0.00000E+00 0.00000E+00 0.00000E+00 0.00000E+00 0.00000E+00 0.00000E+00 0.00000E+00 0.00000E+00 0.00000E+00 0.00000E+00 0.00000E+00 0.00000E+00 0.00000E+00 0.00000E+00 0.00000E+00 0.00000E+00 0.00000E+00 0.00000E+00 0.00000E+00 0.00000E+00 % lost data
1.31843E+12 6.34282E+19 7.09550E+19 9.47957E+19 1.05743E+20 1.15515E+20 1.22822E+20 1.20136E+20 1.18435E+20 1.17197E+20 1.16221E+20 1.15386E+20 1.14803E+20 1.14225E+20 1.13939E+20 1.13264E+20 1.13131E+20 1.12295E+20 1.12201E+20 1.11917E+20 1.11893E+20 1.11687E+20 1.11652E+20 1.11222E+20 1.10712E+20 1.10567E+20 1.10695E+20 1.10810E+20 1.17461E+20 1.15263E+20 1.14487E+20 1.12803E+20 1.12196E+20 1.11170E+20 1.10524E+20 1.09877E+20 1.09619E+20 1.08964E+20 1.08627E+20 1.08126E+20 1.07877E+20 1.07452E+20 1.07048E+20 1.07096E+20 1.07096E+20 1.06488E+20 1.05891E+20 1.06694E+20 1.05613E+20 1.06080E+20 1.05393E+20 1.05566E+20 1.05804E+20 1.05910E+20 1.05741E+20 1.05396E+20 1.04989E+20 1.05273E+20 1.05388E+20 1.04736E+20 1.05056E+20 1.05111E+20 1.05223E+20 1.04858E+20 1.05032E+20 1.04950E+20 1.05048E+20 1.05143E+20 1.05172E+20 1.04869E+20 1.04690E+20 1.04480E+20 % total
];

