
ZAI = [
666
0
];

NAMES = [
'lost            '
'total           '
];

iLOST    = 1;
iTOT     = 2;

MAT_fuelsalt_VOLUME = [ 1.36700E+07 1.36700E+07 1.36700E+07 1.36700E+07 1.36700E+07 1.36700E+07 1.36700E+07 1.36700E+07 1.36700E+07 1.36700E+07 1.36700E+07 1.36700E+07 1.36700E+07 1.36700E+07 1.36700E+07 1.36700E+07 1.36700E+07 1.36700E+07 1.36700E+07 1.36700E+07 1.36700E+07 1.36700E+07 1.36700E+07 1.36700E+07 1.36700E+07 1.36700E+07 1.36700E+07 1.36700E+07 1.36700E+07 1.36700E+07 1.36700E+07 1.36700E+07 1.36700E+07 1.36700E+07 1.36700E+07 1.36700E+07 1.36700E+07 1.36700E+07 1.36700E+07 1.36700E+07 1.36700E+07 1.36700E+07 1.36700E+07 1.36700E+07 1.36700E+07 1.36700E+07 1.36700E+07 1.36700E+07 1.36700E+07 1.36700E+07 1.36700E+07 1.36700E+07 1.36700E+07 1.36700E+07 1.36700E+07 1.36700E+07 1.36700E+07 1.36700E+07 1.36700E+07 1.36700E+07 1.36700E+07 1.36700E+07 1.36700E+07 1.36700E+07 1.36700E+07 1.36700E+07 1.36700E+07 1.36700E+07 1.36700E+07 1.36700E+07 1.36700E+07 1.36700E+07 ];

MAT_fuelsalt_BURNUP = [ 0.00000E+00 0.00000E+00 0.00000E+00 0.00000E+00 0.00000E+00 0.00000E+00 0.00000E+00 0.00000E+00 0.00000E+00 0.00000E+00 0.00000E+00 0.00000E+00 0.00000E+00 0.00000E+00 0.00000E+00 0.00000E+00 0.00000E+00 0.00000E+00 0.00000E+00 0.00000E+00 0.00000E+00 0.00000E+00 0.00000E+00 0.00000E+00 0.00000E+00 0.00000E+00 0.00000E+00 0.00000E+00 0.00000E+00 0.00000E+00 0.00000E+00 0.00000E+00 0.00000E+00 0.00000E+00 0.00000E+00 0.00000E+00 0.00000E+00 0.00000E+00 0.00000E+00 0.00000E+00 0.00000E+00 0.00000E+00 0.00000E+00 0.00000E+00 0.00000E+00 0.00000E+00 0.00000E+00 0.00000E+00 0.00000E+00 0.00000E+00 0.00000E+00 0.00000E+00 0.00000E+00 0.00000E+00 0.00000E+00 0.00000E+00 0.00000E+00 0.00000E+00 0.00000E+00 0.00000E+00 0.00000E+00 0.00000E+00 0.00000E+00 0.00000E+00 0.00000E+00 0.00000E+00 0.00000E+00 0.00000E+00 0.00000E+00 0.00000E+00 0.00000E+00 0.00000E+00 ];

MAT_fuelsalt_ADENS = [
0.00000E+00 5.38892E-17 1.07856E-16 2.60921E-15 7.81054E-15 1.80740E-14 3.60284E-14 5.37990E-14 7.13452E-14 8.85146E-14 1.05458E-13 1.22170E-13 1.38596E-13 1.54977E-13 1.71164E-13 1.87231E-13 2.03154E-13 2.19118E-13 2.34865E-13 2.50559E-13 2.66039E-13 2.81426E-13 2.96822E-13 3.12165E-13 3.27362E-13 3.42565E-13 3.57683E-13 3.72675E-13 4.37989E-13 5.01903E-13 5.65369E-13 6.28661E-13 6.91604E-13 7.54056E-13 8.16003E-13 8.77403E-13 9.38830E-13 9.99767E-13 1.06056E-12 1.12147E-12 1.18261E-12 1.24361E-12 1.30424E-12 1.36490E-12 1.42556E-12 1.48574E-12 1.54628E-12 1.60656E-12 1.66697E-12 1.72741E-12 1.78801E-12 1.84830E-12 1.90886E-12 1.96878E-12 2.02845E-12 2.08907E-12 2.14931E-12 2.20917E-12 2.26949E-12 2.33035E-12 2.39148E-12 2.45203E-12 2.51264E-12 2.57337E-12 2.63430E-12 2.69546E-12 2.75599E-12 2.81651E-12 2.87660E-12 2.93678E-12 2.99715E-12 3.05759E-12 % lost data
7.97438E-02 7.97438E-02 7.97438E-02 7.97438E-02 7.97439E-02 7.97441E-02 7.97443E-02 7.97446E-02 7.97448E-02 7.97451E-02 7.97454E-02 7.97456E-02 7.97459E-02 7.97461E-02 7.97464E-02 7.97466E-02 7.97469E-02 7.97472E-02 7.97474E-02 7.97477E-02 7.97479E-02 7.97482E-02 7.97485E-02 7.97487E-02 7.97490E-02 7.97492E-02 7.97495E-02 7.97497E-02 7.97509E-02 7.97520E-02 7.97531E-02 7.97542E-02 7.97553E-02 7.97564E-02 7.97575E-02 7.97585E-02 7.97596E-02 7.97606E-02 7.97617E-02 7.97627E-02 7.97637E-02 7.97647E-02 7.97657E-02 7.97667E-02 7.97677E-02 7.97686E-02 7.97696E-02 7.97706E-02 7.97715E-02 7.97724E-02 7.97734E-02 7.97743E-02 7.97752E-02 7.97761E-02 7.97769E-02 7.97778E-02 7.97787E-02 7.97796E-02 7.97804E-02 7.97812E-02 7.97821E-02 7.97829E-02 7.97837E-02 7.97845E-02 7.97853E-02 7.97861E-02 7.97869E-02 7.97877E-02 7.97884E-02 7.97892E-02 7.97900E-02 7.97907E-02 % total
];

MAT_fuelsalt_MDENS = [
0.00000E+00 0.00000E+00 0.00000E+00 0.00000E+00 0.00000E+00 0.00000E+00 0.00000E+00 0.00000E+00 0.00000E+00 0.00000E+00 0.00000E+00 0.00000E+00 0.00000E+00 0.00000E+00 0.00000E+00 0.00000E+00 0.00000E+00 0.00000E+00 0.00000E+00 0.00000E+00 0.00000E+00 0.00000E+00 0.00000E+00 0.00000E+00 0.00000E+00 0.00000E+00 0.00000E+00 0.00000E+00 0.00000E+00 0.00000E+00 0.00000E+00 0.00000E+00 0.00000E+00 0.00000E+00 0.00000E+00 0.00000E+00 0.00000E+00 0.00000E+00 0.00000E+00 0.00000E+00 0.00000E+00 0.00000E+00 0.00000E+00 0.00000E+00 0.00000E+00 0.00000E+00 0.00000E+00 0.00000E+00 0.00000E+00 0.00000E+00 0.00000E+00 0.00000E+00 0.00000E+00 0.00000E+00 0.00000E+00 0.00000E+00 0.00000E+00 0.00000E+00 0.00000E+00 0.00000E+00 0.00000E+00 0.00000E+00 0.00000E+00 0.00000E+00 0.00000E+00 0.00000E+00 0.00000E+00 0.00000E+00 0.00000E+00 0.00000E+00 0.00000E+00 0.00000E+00 % lost data
3.35931E+00 3.35931E+00 3.35931E+00 3.35930E+00 3.35927E+00 3.35921E+00 3.35911E+00 3.35900E+00 3.35890E+00 3.35879E+00 3.35869E+00 3.35859E+00 3.35848E+00 3.35838E+00 3.35828E+00 3.35817E+00 3.35807E+00 3.35797E+00 3.35787E+00 3.35777E+00 3.35767E+00 3.35757E+00 3.35747E+00 3.35737E+00 3.35727E+00 3.35717E+00 3.35707E+00 3.35697E+00 3.35655E+00 3.35613E+00 3.35572E+00 3.35531E+00 3.35490E+00 3.35451E+00 3.35412E+00 3.35373E+00 3.35334E+00 3.35297E+00 3.35259E+00 3.35222E+00 3.35186E+00 3.35150E+00 3.35114E+00 3.35079E+00 3.35044E+00 3.35009E+00 3.34975E+00 3.34942E+00 3.34908E+00 3.34875E+00 3.34843E+00 3.34810E+00 3.34778E+00 3.34747E+00 3.34716E+00 3.34685E+00 3.34654E+00 3.34624E+00 3.34594E+00 3.34564E+00 3.34535E+00 3.34506E+00 3.34478E+00 3.34449E+00 3.34421E+00 3.34393E+00 3.34366E+00 3.34339E+00 3.34312E+00 3.34285E+00 3.34259E+00 3.34233E+00 % total
];

MAT_fuelsalt_A = [
0.00000E+00 0.00000E+00 0.00000E+00 0.00000E+00 0.00000E+00 0.00000E+00 0.00000E+00 0.00000E+00 0.00000E+00 0.00000E+00 0.00000E+00 0.00000E+00 0.00000E+00 0.00000E+00 0.00000E+00 0.00000E+00 0.00000E+00 0.00000E+00 0.00000E+00 0.00000E+00 0.00000E+00 0.00000E+00 0.00000E+00 0.00000E+00 0.00000E+00 0.00000E+00 0.00000E+00 0.00000E+00 0.00000E+00 0.00000E+00 0.00000E+00 0.00000E+00 0.00000E+00 0.00000E+00 0.00000E+00 0.00000E+00 0.00000E+00 0.00000E+00 0.00000E+00 0.00000E+00 0.00000E+00 0.00000E+00 0.00000E+00 0.00000E+00 0.00000E+00 0.00000E+00 0.00000E+00 0.00000E+00 0.00000E+00 0.00000E+00 0.00000E+00 0.00000E+00 0.00000E+00 0.00000E+00 0.00000E+00 0.00000E+00 0.00000E+00 0.00000E+00 0.00000E+00 0.00000E+00 0.00000E+00 0.00000E+00 0.00000E+00 0.00000E+00 0.00000E+00 0.00000E+00 0.00000E+00 0.00000E+00 0.00000E+00 0.00000E+00 0.00000E+00 0.00000E+00 % lost data
1.15956E+12 6.24810E+19 7.05521E+19 9.13331E+19 1.00650E+20 1.08417E+20 1.12755E+20 1.13862E+20 1.14384E+20 1.14274E+20 1.14278E+20 1.14201E+20 1.14201E+20 1.14294E+20 1.13977E+20 1.13830E+20 1.14141E+20 1.14046E+20 1.13789E+20 1.14086E+20 1.13610E+20 1.13975E+20 1.13662E+20 1.13841E+20 1.14063E+20 1.13819E+20 1.13556E+20 1.13757E+20 1.16775E+20 1.16232E+20 1.15953E+20 1.15769E+20 1.15579E+20 1.15176E+20 1.14892E+20 1.14734E+20 1.14801E+20 1.14593E+20 1.14273E+20 1.13888E+20 1.13814E+20 1.13700E+20 1.13596E+20 1.13597E+20 1.13432E+20 1.13142E+20 1.13054E+20 1.13327E+20 1.12792E+20 1.12855E+20 1.12873E+20 1.12667E+20 1.12369E+20 1.13052E+20 1.12654E+20 1.12507E+20 1.12218E+20 1.12371E+20 1.12629E+20 1.12051E+20 1.12062E+20 1.12050E+20 1.11898E+20 1.11690E+20 1.11623E+20 1.11638E+20 1.11768E+20 1.11843E+20 1.11725E+20 1.11713E+20 1.11584E+20 1.11654E+20 % total
];

