
ZAI = [
666
0
];

NAMES = [
'lost            '
'total           '
];

iLOST    = 1;
iTOT     = 2;

MAT_fuelsalt_VOLUME = [ 1.36700E+07 1.36700E+07 1.36700E+07 1.36700E+07 1.36700E+07 1.36700E+07 1.36700E+07 1.36700E+07 1.36700E+07 1.36700E+07 1.36700E+07 1.36700E+07 1.36700E+07 1.36700E+07 1.36700E+07 1.36700E+07 1.36700E+07 1.36700E+07 1.36700E+07 1.36700E+07 1.36700E+07 1.36700E+07 1.36700E+07 1.36700E+07 1.36700E+07 1.36700E+07 1.36700E+07 1.36700E+07 1.36700E+07 1.36700E+07 1.36700E+07 1.36700E+07 1.36700E+07 1.36700E+07 1.36700E+07 1.36700E+07 1.36700E+07 1.36700E+07 1.36700E+07 1.36700E+07 1.36700E+07 1.36700E+07 1.36700E+07 1.36700E+07 1.36700E+07 1.36700E+07 1.36700E+07 1.36700E+07 1.36700E+07 1.36700E+07 1.36700E+07 1.36700E+07 1.36700E+07 1.36700E+07 1.36700E+07 1.36700E+07 1.36700E+07 1.36700E+07 1.36700E+07 1.36700E+07 1.36700E+07 1.36700E+07 1.36700E+07 1.36700E+07 1.36700E+07 1.36700E+07 1.36700E+07 1.36700E+07 1.36700E+07 1.36700E+07 1.36700E+07 1.36700E+07 ];

MAT_fuelsalt_BURNUP = [ 0.00000E+00 0.00000E+00 0.00000E+00 0.00000E+00 0.00000E+00 0.00000E+00 0.00000E+00 0.00000E+00 0.00000E+00 0.00000E+00 0.00000E+00 0.00000E+00 0.00000E+00 0.00000E+00 0.00000E+00 0.00000E+00 0.00000E+00 0.00000E+00 0.00000E+00 0.00000E+00 0.00000E+00 0.00000E+00 0.00000E+00 0.00000E+00 0.00000E+00 0.00000E+00 0.00000E+00 0.00000E+00 0.00000E+00 0.00000E+00 0.00000E+00 0.00000E+00 0.00000E+00 0.00000E+00 0.00000E+00 0.00000E+00 0.00000E+00 0.00000E+00 0.00000E+00 0.00000E+00 0.00000E+00 0.00000E+00 0.00000E+00 0.00000E+00 0.00000E+00 0.00000E+00 0.00000E+00 0.00000E+00 0.00000E+00 0.00000E+00 0.00000E+00 0.00000E+00 0.00000E+00 0.00000E+00 0.00000E+00 0.00000E+00 0.00000E+00 0.00000E+00 0.00000E+00 0.00000E+00 0.00000E+00 0.00000E+00 0.00000E+00 0.00000E+00 0.00000E+00 0.00000E+00 0.00000E+00 0.00000E+00 0.00000E+00 0.00000E+00 0.00000E+00 0.00000E+00 ];

MAT_fuelsalt_ADENS = [
0.00000E+00 5.12815E-17 1.02857E-16 2.46456E-15 7.38778E-15 1.72416E-14 3.44492E-14 5.14130E-14 6.81438E-14 8.47295E-14 1.01097E-13 1.17272E-13 1.33344E-13 1.49277E-13 1.65140E-13 1.80829E-13 1.96364E-13 2.11867E-13 2.27227E-13 2.42428E-13 2.57613E-13 2.72791E-13 2.87896E-13 3.02755E-13 3.17615E-13 3.32409E-13 3.47258E-13 3.61998E-13 4.25146E-13 4.87056E-13 5.49276E-13 6.10537E-13 6.71186E-13 7.31372E-13 7.91541E-13 8.51657E-13 9.11602E-13 9.71308E-13 1.03095E-12 1.09072E-12 1.14955E-12 1.20906E-12 1.26822E-12 1.32751E-12 1.38661E-12 1.44556E-12 1.50447E-12 1.56284E-12 1.62126E-12 1.68005E-12 1.73876E-12 1.79740E-12 1.85543E-12 1.91386E-12 1.97228E-12 2.03111E-12 2.08961E-12 2.14842E-12 2.20749E-12 2.26594E-12 2.32413E-12 2.38278E-12 2.44105E-12 2.49968E-12 2.55820E-12 2.61681E-12 2.67584E-12 2.73374E-12 2.79197E-12 2.84978E-12 2.90838E-12 2.96711E-12 % lost data
6.51224E-02 6.51224E-02 6.51224E-02 6.51224E-02 6.51225E-02 6.51227E-02 6.51230E-02 6.51233E-02 6.51235E-02 6.51238E-02 6.51241E-02 6.51243E-02 6.51246E-02 6.51249E-02 6.51252E-02 6.51254E-02 6.51257E-02 6.51260E-02 6.51263E-02 6.51265E-02 6.51268E-02 6.51271E-02 6.51273E-02 6.51276E-02 6.51279E-02 6.51281E-02 6.51284E-02 6.51287E-02 6.51298E-02 6.51310E-02 6.51321E-02 6.51332E-02 6.51344E-02 6.51355E-02 6.51365E-02 6.51376E-02 6.51387E-02 6.51397E-02 6.51408E-02 6.51418E-02 6.51428E-02 6.51438E-02 6.51448E-02 6.51458E-02 6.51468E-02 6.51477E-02 6.51487E-02 6.51496E-02 6.51505E-02 6.51514E-02 6.51523E-02 6.51532E-02 6.51541E-02 6.51550E-02 6.51559E-02 6.51567E-02 6.51576E-02 6.51584E-02 6.51592E-02 6.51600E-02 6.51608E-02 6.51616E-02 6.51624E-02 6.51632E-02 6.51639E-02 6.51647E-02 6.51654E-02 6.51662E-02 6.51669E-02 6.51676E-02 6.51683E-02 6.51691E-02 % total
];

MAT_fuelsalt_MDENS = [
0.00000E+00 0.00000E+00 0.00000E+00 0.00000E+00 0.00000E+00 0.00000E+00 0.00000E+00 0.00000E+00 0.00000E+00 0.00000E+00 0.00000E+00 0.00000E+00 0.00000E+00 0.00000E+00 0.00000E+00 0.00000E+00 0.00000E+00 0.00000E+00 0.00000E+00 0.00000E+00 0.00000E+00 0.00000E+00 0.00000E+00 0.00000E+00 0.00000E+00 0.00000E+00 0.00000E+00 0.00000E+00 0.00000E+00 0.00000E+00 0.00000E+00 0.00000E+00 0.00000E+00 0.00000E+00 0.00000E+00 0.00000E+00 0.00000E+00 0.00000E+00 0.00000E+00 0.00000E+00 0.00000E+00 0.00000E+00 0.00000E+00 0.00000E+00 0.00000E+00 0.00000E+00 0.00000E+00 0.00000E+00 0.00000E+00 0.00000E+00 0.00000E+00 0.00000E+00 0.00000E+00 0.00000E+00 0.00000E+00 0.00000E+00 0.00000E+00 0.00000E+00 0.00000E+00 0.00000E+00 0.00000E+00 0.00000E+00 0.00000E+00 0.00000E+00 0.00000E+00 0.00000E+00 0.00000E+00 0.00000E+00 0.00000E+00 0.00000E+00 0.00000E+00 0.00000E+00 % lost data
3.28019E+00 3.28019E+00 3.28019E+00 3.28017E+00 3.28015E+00 3.28009E+00 3.27998E+00 3.27988E+00 3.27977E+00 3.27967E+00 3.27956E+00 3.27946E+00 3.27935E+00 3.27925E+00 3.27914E+00 3.27904E+00 3.27894E+00 3.27884E+00 3.27873E+00 3.27863E+00 3.27853E+00 3.27843E+00 3.27833E+00 3.27823E+00 3.27813E+00 3.27803E+00 3.27793E+00 3.27783E+00 3.27740E+00 3.27698E+00 3.27656E+00 3.27615E+00 3.27575E+00 3.27535E+00 3.27496E+00 3.27457E+00 3.27418E+00 3.27381E+00 3.27343E+00 3.27306E+00 3.27270E+00 3.27234E+00 3.27199E+00 3.27164E+00 3.27129E+00 3.27095E+00 3.27061E+00 3.27028E+00 3.26995E+00 3.26962E+00 3.26930E+00 3.26898E+00 3.26867E+00 3.26836E+00 3.26805E+00 3.26775E+00 3.26745E+00 3.26715E+00 3.26686E+00 3.26657E+00 3.26629E+00 3.26600E+00 3.26573E+00 3.26545E+00 3.26518E+00 3.26491E+00 3.26464E+00 3.26438E+00 3.26412E+00 3.26387E+00 3.26361E+00 3.26336E+00 % total
];

MAT_fuelsalt_A = [
0.00000E+00 0.00000E+00 0.00000E+00 0.00000E+00 0.00000E+00 0.00000E+00 0.00000E+00 0.00000E+00 0.00000E+00 0.00000E+00 0.00000E+00 0.00000E+00 0.00000E+00 0.00000E+00 0.00000E+00 0.00000E+00 0.00000E+00 0.00000E+00 0.00000E+00 0.00000E+00 0.00000E+00 0.00000E+00 0.00000E+00 0.00000E+00 0.00000E+00 0.00000E+00 0.00000E+00 0.00000E+00 0.00000E+00 0.00000E+00 0.00000E+00 0.00000E+00 0.00000E+00 0.00000E+00 0.00000E+00 0.00000E+00 0.00000E+00 0.00000E+00 0.00000E+00 0.00000E+00 0.00000E+00 0.00000E+00 0.00000E+00 0.00000E+00 0.00000E+00 0.00000E+00 0.00000E+00 0.00000E+00 0.00000E+00 0.00000E+00 0.00000E+00 0.00000E+00 0.00000E+00 0.00000E+00 0.00000E+00 0.00000E+00 0.00000E+00 0.00000E+00 0.00000E+00 0.00000E+00 0.00000E+00 0.00000E+00 0.00000E+00 0.00000E+00 0.00000E+00 0.00000E+00 0.00000E+00 0.00000E+00 0.00000E+00 0.00000E+00 0.00000E+00 0.00000E+00 % lost data
1.31843E+12 6.33984E+19 7.10069E+19 9.29327E+19 1.02584E+20 1.09416E+20 1.13539E+20 1.14343E+20 1.14668E+20 1.15216E+20 1.15379E+20 1.15102E+20 1.14821E+20 1.15205E+20 1.15204E+20 1.14969E+20 1.14843E+20 1.14812E+20 1.14766E+20 1.14572E+20 1.14297E+20 1.14370E+20 1.14277E+20 1.14240E+20 1.14186E+20 1.14124E+20 1.14162E+20 1.14310E+20 1.16902E+20 1.16581E+20 1.16190E+20 1.15968E+20 1.14985E+20 1.14875E+20 1.14585E+20 1.14454E+20 1.14146E+20 1.13991E+20 1.13717E+20 1.13222E+20 1.13033E+20 1.13174E+20 1.12570E+20 1.12631E+20 1.12485E+20 1.12274E+20 1.12503E+20 1.11656E+20 1.11905E+20 1.11918E+20 1.11284E+20 1.11766E+20 1.11417E+20 1.11519E+20 1.11157E+20 1.11233E+20 1.11217E+20 1.10765E+20 1.11001E+20 1.10845E+20 1.10692E+20 1.10527E+20 1.10200E+20 1.10234E+20 1.10573E+20 1.10171E+20 1.10325E+20 1.10089E+20 1.10375E+20 1.10224E+20 1.09843E+20 1.09910E+20 % total
];

