
ZAI = [
666
0
];

NAMES = [
'lost            '
'total           '
];

iLOST    = 1;
iTOT     = 2;

MAT_fuelsalt_VOLUME = [ 1.36700E+07 1.36700E+07 1.36700E+07 1.36700E+07 1.36700E+07 1.36700E+07 1.36700E+07 1.36700E+07 1.36700E+07 1.36700E+07 1.36700E+07 1.36700E+07 1.36700E+07 1.36700E+07 1.36700E+07 1.36700E+07 1.36700E+07 1.36700E+07 1.36700E+07 1.36700E+07 1.36700E+07 1.36700E+07 1.36700E+07 1.36700E+07 1.36700E+07 1.36700E+07 1.36700E+07 1.36700E+07 1.36700E+07 1.36700E+07 1.36700E+07 1.36700E+07 1.36700E+07 1.36700E+07 1.36700E+07 1.36700E+07 1.36700E+07 1.36700E+07 1.36700E+07 1.36700E+07 1.36700E+07 1.36700E+07 1.36700E+07 1.36700E+07 1.36700E+07 1.36700E+07 1.36700E+07 1.36700E+07 1.36700E+07 1.36700E+07 1.36700E+07 1.36700E+07 1.36700E+07 1.36700E+07 1.36700E+07 1.36700E+07 1.36700E+07 1.36700E+07 1.36700E+07 1.36700E+07 1.36700E+07 1.36700E+07 1.36700E+07 1.36700E+07 1.36700E+07 1.36700E+07 1.36700E+07 1.36700E+07 1.36700E+07 1.36700E+07 1.36700E+07 1.36700E+07 ];

MAT_fuelsalt_BURNUP = [ 0.00000E+00 0.00000E+00 0.00000E+00 0.00000E+00 0.00000E+00 0.00000E+00 0.00000E+00 0.00000E+00 0.00000E+00 0.00000E+00 0.00000E+00 0.00000E+00 0.00000E+00 0.00000E+00 0.00000E+00 0.00000E+00 0.00000E+00 0.00000E+00 0.00000E+00 0.00000E+00 0.00000E+00 0.00000E+00 0.00000E+00 0.00000E+00 0.00000E+00 0.00000E+00 0.00000E+00 0.00000E+00 0.00000E+00 0.00000E+00 0.00000E+00 0.00000E+00 0.00000E+00 0.00000E+00 0.00000E+00 0.00000E+00 0.00000E+00 0.00000E+00 0.00000E+00 0.00000E+00 0.00000E+00 0.00000E+00 0.00000E+00 0.00000E+00 0.00000E+00 0.00000E+00 0.00000E+00 0.00000E+00 0.00000E+00 0.00000E+00 0.00000E+00 0.00000E+00 0.00000E+00 0.00000E+00 0.00000E+00 0.00000E+00 0.00000E+00 0.00000E+00 0.00000E+00 0.00000E+00 0.00000E+00 0.00000E+00 0.00000E+00 0.00000E+00 0.00000E+00 0.00000E+00 0.00000E+00 0.00000E+00 0.00000E+00 0.00000E+00 0.00000E+00 0.00000E+00 ];

MAT_fuelsalt_ADENS = [
0.00000E+00 5.13274E-17 1.02852E-16 2.46221E-15 7.38210E-15 1.70731E-14 3.34004E-14 4.90945E-14 6.43124E-14 7.90750E-14 9.34054E-14 1.07587E-13 1.21747E-13 1.35702E-13 1.49501E-13 1.63208E-13 1.77026E-13 1.90774E-13 2.04589E-13 2.18399E-13 2.32222E-13 2.46103E-13 2.59990E-13 2.73904E-13 2.87829E-13 3.01464E-13 3.15540E-13 3.29664E-13 3.92128E-13 4.54533E-13 5.18574E-13 5.83925E-13 6.49095E-13 7.15419E-13 7.83220E-13 8.50744E-13 9.20027E-13 9.89235E-13 1.06033E-12 1.13054E-12 1.20060E-12 1.27229E-12 1.34196E-12 1.41397E-12 1.48534E-12 1.55689E-12 1.62959E-12 1.70231E-12 1.77556E-12 1.84876E-12 1.92106E-12 1.99499E-12 2.06847E-12 2.14238E-12 2.21833E-12 2.29311E-12 2.36730E-12 2.44364E-12 2.51936E-12 2.59295E-12 2.66870E-12 2.74402E-12 2.81888E-12 2.89442E-12 2.97018E-12 3.04690E-12 3.12192E-12 3.19745E-12 3.27332E-12 3.34829E-12 3.42508E-12 3.50168E-12 % lost data
6.51224E-02 6.51224E-02 6.51224E-02 6.51229E-02 6.51240E-02 6.51261E-02 6.51298E-02 6.51335E-02 6.51371E-02 6.51406E-02 6.51441E-02 6.51476E-02 6.51510E-02 6.51544E-02 6.51578E-02 6.51611E-02 6.51643E-02 6.51676E-02 6.51708E-02 6.51739E-02 6.51771E-02 6.51802E-02 6.51832E-02 6.51862E-02 6.51892E-02 6.51922E-02 6.51951E-02 6.51979E-02 6.52100E-02 6.52214E-02 6.52323E-02 6.52426E-02 6.52524E-02 6.52617E-02 6.52706E-02 6.52790E-02 6.52870E-02 6.52946E-02 6.53019E-02 6.53087E-02 6.53153E-02 6.53215E-02 6.53274E-02 6.53330E-02 6.53384E-02 6.53435E-02 6.53483E-02 6.53529E-02 6.53573E-02 6.53614E-02 6.53654E-02 6.53691E-02 6.53727E-02 6.53761E-02 6.53793E-02 6.53824E-02 6.53853E-02 6.53881E-02 6.53907E-02 6.53933E-02 6.53956E-02 6.53979E-02 6.54001E-02 6.54021E-02 6.54041E-02 6.54059E-02 6.54077E-02 6.54094E-02 6.54110E-02 6.54125E-02 6.54139E-02 6.54153E-02 % total
];

MAT_fuelsalt_MDENS = [
0.00000E+00 0.00000E+00 0.00000E+00 0.00000E+00 0.00000E+00 0.00000E+00 0.00000E+00 0.00000E+00 0.00000E+00 0.00000E+00 0.00000E+00 0.00000E+00 0.00000E+00 0.00000E+00 0.00000E+00 0.00000E+00 0.00000E+00 0.00000E+00 0.00000E+00 0.00000E+00 0.00000E+00 0.00000E+00 0.00000E+00 0.00000E+00 0.00000E+00 0.00000E+00 0.00000E+00 0.00000E+00 0.00000E+00 0.00000E+00 0.00000E+00 0.00000E+00 0.00000E+00 0.00000E+00 0.00000E+00 0.00000E+00 0.00000E+00 0.00000E+00 0.00000E+00 0.00000E+00 0.00000E+00 0.00000E+00 0.00000E+00 0.00000E+00 0.00000E+00 0.00000E+00 0.00000E+00 0.00000E+00 0.00000E+00 0.00000E+00 0.00000E+00 0.00000E+00 0.00000E+00 0.00000E+00 0.00000E+00 0.00000E+00 0.00000E+00 0.00000E+00 0.00000E+00 0.00000E+00 0.00000E+00 0.00000E+00 0.00000E+00 0.00000E+00 0.00000E+00 0.00000E+00 0.00000E+00 0.00000E+00 0.00000E+00 0.00000E+00 0.00000E+00 0.00000E+00 % lost data
3.28019E+00 3.28019E+00 3.28019E+00 3.28022E+00 3.28027E+00 3.28037E+00 3.28054E+00 3.28071E+00 3.28088E+00 3.28105E+00 3.28121E+00 3.28138E+00 3.28154E+00 3.28171E+00 3.28187E+00 3.28203E+00 3.28218E+00 3.28234E+00 3.28249E+00 3.28265E+00 3.28280E+00 3.28295E+00 3.28310E+00 3.28324E+00 3.28339E+00 3.28353E+00 3.28367E+00 3.28381E+00 3.28438E+00 3.28492E+00 3.28544E+00 3.28594E+00 3.28641E+00 3.28686E+00 3.28730E+00 3.28771E+00 3.28810E+00 3.28847E+00 3.28883E+00 3.28916E+00 3.28949E+00 3.28979E+00 3.29009E+00 3.29036E+00 3.29063E+00 3.29088E+00 3.29112E+00 3.29135E+00 3.29157E+00 3.29178E+00 3.29197E+00 3.29216E+00 3.29234E+00 3.29251E+00 3.29267E+00 3.29282E+00 3.29297E+00 3.29311E+00 3.29324E+00 3.29337E+00 3.29349E+00 3.29360E+00 3.29371E+00 3.29381E+00 3.29391E+00 3.29401E+00 3.29409E+00 3.29418E+00 3.29426E+00 3.29434E+00 3.29441E+00 3.29448E+00 % total
];

MAT_fuelsalt_A = [
0.00000E+00 0.00000E+00 0.00000E+00 0.00000E+00 0.00000E+00 0.00000E+00 0.00000E+00 0.00000E+00 0.00000E+00 0.00000E+00 0.00000E+00 0.00000E+00 0.00000E+00 0.00000E+00 0.00000E+00 0.00000E+00 0.00000E+00 0.00000E+00 0.00000E+00 0.00000E+00 0.00000E+00 0.00000E+00 0.00000E+00 0.00000E+00 0.00000E+00 0.00000E+00 0.00000E+00 0.00000E+00 0.00000E+00 0.00000E+00 0.00000E+00 0.00000E+00 0.00000E+00 0.00000E+00 0.00000E+00 0.00000E+00 0.00000E+00 0.00000E+00 0.00000E+00 0.00000E+00 0.00000E+00 0.00000E+00 0.00000E+00 0.00000E+00 0.00000E+00 0.00000E+00 0.00000E+00 0.00000E+00 0.00000E+00 0.00000E+00 0.00000E+00 0.00000E+00 0.00000E+00 0.00000E+00 0.00000E+00 0.00000E+00 0.00000E+00 0.00000E+00 0.00000E+00 0.00000E+00 0.00000E+00 0.00000E+00 0.00000E+00 0.00000E+00 0.00000E+00 0.00000E+00 0.00000E+00 0.00000E+00 0.00000E+00 0.00000E+00 0.00000E+00 0.00000E+00 % lost data
1.31843E+12 6.34829E+19 7.10618E+19 9.44609E+19 1.05254E+20 1.14623E+20 1.20980E+20 1.19507E+20 1.18003E+20 1.16688E+20 1.15864E+20 1.15202E+20 1.14474E+20 1.14179E+20 1.13379E+20 1.12958E+20 1.12913E+20 1.12577E+20 1.12435E+20 1.12142E+20 1.12007E+20 1.11532E+20 1.11703E+20 1.11530E+20 1.11215E+20 1.11444E+20 1.11326E+20 1.10921E+20 1.17674E+20 1.16058E+20 1.14725E+20 1.13654E+20 1.12941E+20 1.11623E+20 1.11283E+20 1.10840E+20 1.09863E+20 1.09415E+20 1.08696E+20 1.09225E+20 1.08311E+20 1.08013E+20 1.08163E+20 1.07460E+20 1.07449E+20 1.06921E+20 1.07032E+20 1.06476E+20 1.06288E+20 1.06170E+20 1.06580E+20 1.05659E+20 1.05780E+20 1.05882E+20 1.05185E+20 1.05617E+20 1.05257E+20 1.05097E+20 1.04893E+20 1.05602E+20 1.05131E+20 1.04793E+20 1.04825E+20 1.04738E+20 1.04994E+20 1.04404E+20 1.05445E+20 1.04604E+20 1.04646E+20 1.04608E+20 1.04477E+20 1.04451E+20 % total
];

