
ZAI = [
666
0
];

NAMES = [
'lost            '
'total           '
];

iLOST    = 1;
iTOT     = 2;

MAT_fuelsalt_VOLUME = [ 1.36700E+07 1.36700E+07 1.36700E+07 1.36700E+07 1.36700E+07 1.36700E+07 1.36700E+07 1.36700E+07 1.36700E+07 1.36700E+07 1.36700E+07 1.36700E+07 1.36700E+07 1.36700E+07 1.36700E+07 1.36700E+07 1.36700E+07 1.36700E+07 1.36700E+07 1.36700E+07 1.36700E+07 1.36700E+07 1.36700E+07 1.36700E+07 1.36700E+07 1.36700E+07 1.36700E+07 1.36700E+07 1.36700E+07 1.36700E+07 1.36700E+07 1.36700E+07 1.36700E+07 1.36700E+07 1.36700E+07 1.36700E+07 1.36700E+07 1.36700E+07 1.36700E+07 1.36700E+07 1.36700E+07 1.36700E+07 1.36700E+07 1.36700E+07 1.36700E+07 1.36700E+07 1.36700E+07 1.36700E+07 1.36700E+07 1.36700E+07 1.36700E+07 1.36700E+07 1.36700E+07 1.36700E+07 1.36700E+07 1.36700E+07 1.36700E+07 1.36700E+07 1.36700E+07 1.36700E+07 1.36700E+07 1.36700E+07 1.36700E+07 1.36700E+07 1.36700E+07 1.36700E+07 1.36700E+07 1.36700E+07 1.36700E+07 1.36700E+07 1.36700E+07 1.36700E+07 ];

MAT_fuelsalt_BURNUP = [ 0.00000E+00 0.00000E+00 0.00000E+00 0.00000E+00 0.00000E+00 0.00000E+00 0.00000E+00 0.00000E+00 0.00000E+00 0.00000E+00 0.00000E+00 0.00000E+00 0.00000E+00 0.00000E+00 0.00000E+00 0.00000E+00 0.00000E+00 0.00000E+00 0.00000E+00 0.00000E+00 0.00000E+00 0.00000E+00 0.00000E+00 0.00000E+00 0.00000E+00 0.00000E+00 0.00000E+00 0.00000E+00 0.00000E+00 0.00000E+00 0.00000E+00 0.00000E+00 0.00000E+00 0.00000E+00 0.00000E+00 0.00000E+00 0.00000E+00 0.00000E+00 0.00000E+00 0.00000E+00 0.00000E+00 0.00000E+00 0.00000E+00 0.00000E+00 0.00000E+00 0.00000E+00 0.00000E+00 0.00000E+00 0.00000E+00 0.00000E+00 0.00000E+00 0.00000E+00 0.00000E+00 0.00000E+00 0.00000E+00 0.00000E+00 0.00000E+00 0.00000E+00 0.00000E+00 0.00000E+00 0.00000E+00 0.00000E+00 0.00000E+00 0.00000E+00 0.00000E+00 0.00000E+00 0.00000E+00 0.00000E+00 0.00000E+00 0.00000E+00 0.00000E+00 0.00000E+00 ];

MAT_fuelsalt_ADENS = [
0.00000E+00 5.17000E-17 1.03150E-16 2.46246E-15 7.40091E-15 1.72997E-14 3.44589E-14 5.13914E-14 6.82400E-14 8.49111E-14 1.01231E-13 1.17559E-13 1.33546E-13 1.49564E-13 1.65458E-13 1.81281E-13 1.96983E-13 2.12572E-13 2.28083E-13 2.43508E-13 2.58943E-13 2.74244E-13 2.89434E-13 3.04703E-13 3.19811E-13 3.34728E-13 3.49723E-13 3.64642E-13 4.29077E-13 4.92377E-13 5.55479E-13 6.18139E-13 6.80287E-13 7.42551E-13 8.04302E-13 8.66161E-13 9.27897E-13 9.89580E-13 1.05149E-12 1.11291E-12 1.17461E-12 1.23602E-12 1.29704E-12 1.35795E-12 1.41940E-12 1.48050E-12 1.54176E-12 1.60303E-12 1.66408E-12 1.72465E-12 1.78564E-12 1.84652E-12 1.90737E-12 1.96868E-12 2.03008E-12 2.09064E-12 2.15150E-12 2.21214E-12 2.27303E-12 2.33405E-12 2.39542E-12 2.45634E-12 2.51740E-12 2.57889E-12 2.64026E-12 2.70126E-12 2.76249E-12 2.82286E-12 2.88408E-12 2.94525E-12 3.00624E-12 3.06768E-12 % lost data
6.51224E-02 6.51224E-02 6.51224E-02 6.51224E-02 6.51225E-02 6.51227E-02 6.51230E-02 6.51232E-02 6.51235E-02 6.51237E-02 6.51240E-02 6.51242E-02 6.51245E-02 6.51247E-02 6.51250E-02 6.51252E-02 6.51254E-02 6.51256E-02 6.51259E-02 6.51261E-02 6.51263E-02 6.51265E-02 6.51267E-02 6.51269E-02 6.51271E-02 6.51273E-02 6.51275E-02 6.51277E-02 6.51285E-02 6.51292E-02 6.51298E-02 6.51305E-02 6.51310E-02 6.51316E-02 6.51321E-02 6.51325E-02 6.51329E-02 6.51333E-02 6.51337E-02 6.51340E-02 6.51343E-02 6.51346E-02 6.51349E-02 6.51351E-02 6.51353E-02 6.51355E-02 6.51357E-02 6.51359E-02 6.51361E-02 6.51362E-02 6.51364E-02 6.51365E-02 6.51366E-02 6.51367E-02 6.51368E-02 6.51369E-02 6.51370E-02 6.51371E-02 6.51372E-02 6.51372E-02 6.51373E-02 6.51374E-02 6.51374E-02 6.51375E-02 6.51375E-02 6.51376E-02 6.51376E-02 6.51376E-02 6.51377E-02 6.51377E-02 6.51377E-02 6.51377E-02 % total
];

MAT_fuelsalt_MDENS = [
0.00000E+00 0.00000E+00 0.00000E+00 0.00000E+00 0.00000E+00 0.00000E+00 0.00000E+00 0.00000E+00 0.00000E+00 0.00000E+00 0.00000E+00 0.00000E+00 0.00000E+00 0.00000E+00 0.00000E+00 0.00000E+00 0.00000E+00 0.00000E+00 0.00000E+00 0.00000E+00 0.00000E+00 0.00000E+00 0.00000E+00 0.00000E+00 0.00000E+00 0.00000E+00 0.00000E+00 0.00000E+00 0.00000E+00 0.00000E+00 0.00000E+00 0.00000E+00 0.00000E+00 0.00000E+00 0.00000E+00 0.00000E+00 0.00000E+00 0.00000E+00 0.00000E+00 0.00000E+00 0.00000E+00 0.00000E+00 0.00000E+00 0.00000E+00 0.00000E+00 0.00000E+00 0.00000E+00 0.00000E+00 0.00000E+00 0.00000E+00 0.00000E+00 0.00000E+00 0.00000E+00 0.00000E+00 0.00000E+00 0.00000E+00 0.00000E+00 0.00000E+00 0.00000E+00 0.00000E+00 0.00000E+00 0.00000E+00 0.00000E+00 0.00000E+00 0.00000E+00 0.00000E+00 0.00000E+00 0.00000E+00 0.00000E+00 0.00000E+00 0.00000E+00 0.00000E+00 % lost data
3.28019E+00 3.28019E+00 3.28019E+00 3.28018E+00 3.28015E+00 3.28009E+00 3.27999E+00 3.27989E+00 3.27979E+00 3.27970E+00 3.27960E+00 3.27951E+00 3.27942E+00 3.27933E+00 3.27924E+00 3.27915E+00 3.27907E+00 3.27899E+00 3.27891E+00 3.27883E+00 3.27875E+00 3.27867E+00 3.27860E+00 3.27852E+00 3.27845E+00 3.27838E+00 3.27831E+00 3.27824E+00 3.27796E+00 3.27770E+00 3.27746E+00 3.27724E+00 3.27704E+00 3.27685E+00 3.27668E+00 3.27652E+00 3.27637E+00 3.27624E+00 3.27611E+00 3.27600E+00 3.27589E+00 3.27579E+00 3.27570E+00 3.27562E+00 3.27554E+00 3.27547E+00 3.27541E+00 3.27535E+00 3.27529E+00 3.27524E+00 3.27519E+00 3.27515E+00 3.27511E+00 3.27507E+00 3.27503E+00 3.27500E+00 3.27497E+00 3.27495E+00 3.27492E+00 3.27490E+00 3.27488E+00 3.27486E+00 3.27484E+00 3.27482E+00 3.27480E+00 3.27479E+00 3.27478E+00 3.27476E+00 3.27475E+00 3.27474E+00 3.27473E+00 3.27472E+00 % total
];

MAT_fuelsalt_A = [
0.00000E+00 0.00000E+00 0.00000E+00 0.00000E+00 0.00000E+00 0.00000E+00 0.00000E+00 0.00000E+00 0.00000E+00 0.00000E+00 0.00000E+00 0.00000E+00 0.00000E+00 0.00000E+00 0.00000E+00 0.00000E+00 0.00000E+00 0.00000E+00 0.00000E+00 0.00000E+00 0.00000E+00 0.00000E+00 0.00000E+00 0.00000E+00 0.00000E+00 0.00000E+00 0.00000E+00 0.00000E+00 0.00000E+00 0.00000E+00 0.00000E+00 0.00000E+00 0.00000E+00 0.00000E+00 0.00000E+00 0.00000E+00 0.00000E+00 0.00000E+00 0.00000E+00 0.00000E+00 0.00000E+00 0.00000E+00 0.00000E+00 0.00000E+00 0.00000E+00 0.00000E+00 0.00000E+00 0.00000E+00 0.00000E+00 0.00000E+00 0.00000E+00 0.00000E+00 0.00000E+00 0.00000E+00 0.00000E+00 0.00000E+00 0.00000E+00 0.00000E+00 0.00000E+00 0.00000E+00 0.00000E+00 0.00000E+00 0.00000E+00 0.00000E+00 0.00000E+00 0.00000E+00 0.00000E+00 0.00000E+00 0.00000E+00 0.00000E+00 0.00000E+00 0.00000E+00 % lost data
1.31843E+12 6.33703E+19 7.09350E+19 9.28715E+19 1.02380E+20 1.09316E+20 1.13275E+20 1.13945E+20 1.14332E+20 1.14447E+20 1.14548E+20 1.14997E+20 1.14653E+20 1.14809E+20 1.14769E+20 1.14596E+20 1.14507E+20 1.14856E+20 1.14552E+20 1.14370E+20 1.14396E+20 1.14486E+20 1.14194E+20 1.14273E+20 1.14501E+20 1.14319E+20 1.14182E+20 1.14263E+20 1.15576E+20 1.15308E+20 1.14946E+20 1.15031E+20 1.14559E+20 1.14135E+20 1.14191E+20 1.13827E+20 1.13879E+20 1.13497E+20 1.13303E+20 1.13245E+20 1.13377E+20 1.12884E+20 1.13118E+20 1.13100E+20 1.13049E+20 1.13058E+20 1.12584E+20 1.12702E+20 1.12598E+20 1.12870E+20 1.12423E+20 1.12751E+20 1.12387E+20 1.12690E+20 1.12257E+20 1.12519E+20 1.12477E+20 1.12157E+20 1.11926E+20 1.12101E+20 1.12375E+20 1.12202E+20 1.12675E+20 1.12438E+20 1.12267E+20 1.12463E+20 1.12458E+20 1.12227E+20 1.12161E+20 1.12346E+20 1.12474E+20 1.12059E+20 % total
];

