
ZAI = [
666
0
];

NAMES = [
'lost            '
'total           '
];

iLOST    = 1;
iTOT     = 2;

MAT_fuelsalt_VOLUME = [ 1.36700E+07 1.36700E+07 1.36700E+07 1.36700E+07 1.36700E+07 1.36700E+07 1.36700E+07 1.36700E+07 1.36700E+07 1.36700E+07 1.36700E+07 1.36700E+07 1.36700E+07 1.36700E+07 1.36700E+07 1.36700E+07 1.36700E+07 1.36700E+07 1.36700E+07 1.36700E+07 1.36700E+07 1.36700E+07 1.36700E+07 1.36700E+07 1.36700E+07 1.36700E+07 1.36700E+07 1.36700E+07 1.36700E+07 1.36700E+07 1.36700E+07 1.36700E+07 1.36700E+07 1.36700E+07 1.36700E+07 1.36700E+07 1.36700E+07 1.36700E+07 1.36700E+07 1.36700E+07 1.36700E+07 1.36700E+07 1.36700E+07 1.36700E+07 1.36700E+07 1.36700E+07 1.36700E+07 1.36700E+07 1.36700E+07 1.36700E+07 1.36700E+07 1.36700E+07 1.36700E+07 1.36700E+07 1.36700E+07 1.36700E+07 1.36700E+07 1.36700E+07 1.36700E+07 1.36700E+07 1.36700E+07 1.36700E+07 1.36700E+07 1.36700E+07 1.36700E+07 1.36700E+07 1.36700E+07 1.36700E+07 1.36700E+07 1.36700E+07 1.36700E+07 1.36700E+07 ];

MAT_fuelsalt_BURNUP = [ 0.00000E+00 0.00000E+00 0.00000E+00 0.00000E+00 0.00000E+00 0.00000E+00 0.00000E+00 0.00000E+00 0.00000E+00 0.00000E+00 0.00000E+00 0.00000E+00 0.00000E+00 0.00000E+00 0.00000E+00 0.00000E+00 0.00000E+00 0.00000E+00 0.00000E+00 0.00000E+00 0.00000E+00 0.00000E+00 0.00000E+00 0.00000E+00 0.00000E+00 0.00000E+00 0.00000E+00 0.00000E+00 0.00000E+00 0.00000E+00 0.00000E+00 0.00000E+00 0.00000E+00 0.00000E+00 0.00000E+00 0.00000E+00 0.00000E+00 0.00000E+00 0.00000E+00 0.00000E+00 0.00000E+00 0.00000E+00 0.00000E+00 0.00000E+00 0.00000E+00 0.00000E+00 0.00000E+00 0.00000E+00 0.00000E+00 0.00000E+00 0.00000E+00 0.00000E+00 0.00000E+00 0.00000E+00 0.00000E+00 0.00000E+00 0.00000E+00 0.00000E+00 0.00000E+00 0.00000E+00 0.00000E+00 0.00000E+00 0.00000E+00 0.00000E+00 0.00000E+00 0.00000E+00 0.00000E+00 0.00000E+00 0.00000E+00 0.00000E+00 0.00000E+00 0.00000E+00 ];

MAT_fuelsalt_ADENS = [
0.00000E+00 5.40044E-17 1.07832E-16 2.59628E-15 7.77206E-15 1.80965E-14 3.60041E-14 5.35525E-14 7.09902E-14 8.82699E-14 1.05146E-13 1.21944E-13 1.38447E-13 1.54813E-13 1.71071E-13 1.87233E-13 2.03213E-13 2.19166E-13 2.35008E-13 2.50595E-13 2.66114E-13 2.81717E-13 2.96974E-13 3.12142E-13 3.27384E-13 3.42690E-13 3.57925E-13 3.73012E-13 4.37734E-13 5.01820E-13 5.64872E-13 6.27216E-13 6.89788E-13 7.52165E-13 8.13616E-13 8.75749E-13 9.37136E-13 9.98786E-13 1.05995E-12 1.12143E-12 1.18272E-12 1.24411E-12 1.30452E-12 1.36618E-12 1.42753E-12 1.48905E-12 1.55017E-12 1.61091E-12 1.67223E-12 1.73328E-12 1.79426E-12 1.85573E-12 1.91667E-12 1.97770E-12 2.03834E-12 2.09918E-12 2.16056E-12 2.22087E-12 2.28165E-12 2.34332E-12 2.40405E-12 2.46562E-12 2.52673E-12 2.58801E-12 2.64977E-12 2.71107E-12 2.77259E-12 2.83376E-12 2.89465E-12 2.95525E-12 3.01594E-12 3.07694E-12 % lost data
7.97438E-02 7.97438E-02 7.97438E-02 7.97438E-02 7.97439E-02 7.97441E-02 7.97443E-02 7.97446E-02 7.97448E-02 7.97451E-02 7.97453E-02 7.97456E-02 7.97458E-02 7.97461E-02 7.97463E-02 7.97465E-02 7.97468E-02 7.97470E-02 7.97473E-02 7.97475E-02 7.97477E-02 7.97480E-02 7.97482E-02 7.97484E-02 7.97487E-02 7.97489E-02 7.97491E-02 7.97493E-02 7.97503E-02 7.97512E-02 7.97522E-02 7.97530E-02 7.97539E-02 7.97547E-02 7.97555E-02 7.97563E-02 7.97570E-02 7.97577E-02 7.97584E-02 7.97591E-02 7.97597E-02 7.97603E-02 7.97609E-02 7.97615E-02 7.97621E-02 7.97626E-02 7.97632E-02 7.97637E-02 7.97641E-02 7.97646E-02 7.97651E-02 7.97655E-02 7.97659E-02 7.97663E-02 7.97667E-02 7.97671E-02 7.97675E-02 7.97678E-02 7.97682E-02 7.97685E-02 7.97688E-02 7.97691E-02 7.97694E-02 7.97697E-02 7.97700E-02 7.97703E-02 7.97705E-02 7.97708E-02 7.97710E-02 7.97712E-02 7.97715E-02 7.97717E-02 % total
];

MAT_fuelsalt_MDENS = [
0.00000E+00 0.00000E+00 0.00000E+00 0.00000E+00 0.00000E+00 0.00000E+00 0.00000E+00 0.00000E+00 0.00000E+00 0.00000E+00 0.00000E+00 0.00000E+00 0.00000E+00 0.00000E+00 0.00000E+00 0.00000E+00 0.00000E+00 0.00000E+00 0.00000E+00 0.00000E+00 0.00000E+00 0.00000E+00 0.00000E+00 0.00000E+00 0.00000E+00 0.00000E+00 0.00000E+00 0.00000E+00 0.00000E+00 0.00000E+00 0.00000E+00 0.00000E+00 0.00000E+00 0.00000E+00 0.00000E+00 0.00000E+00 0.00000E+00 0.00000E+00 0.00000E+00 0.00000E+00 0.00000E+00 0.00000E+00 0.00000E+00 0.00000E+00 0.00000E+00 0.00000E+00 0.00000E+00 0.00000E+00 0.00000E+00 0.00000E+00 0.00000E+00 0.00000E+00 0.00000E+00 0.00000E+00 0.00000E+00 0.00000E+00 0.00000E+00 0.00000E+00 0.00000E+00 0.00000E+00 0.00000E+00 0.00000E+00 0.00000E+00 0.00000E+00 0.00000E+00 0.00000E+00 0.00000E+00 0.00000E+00 0.00000E+00 0.00000E+00 0.00000E+00 0.00000E+00 % lost data
3.35931E+00 3.35931E+00 3.35931E+00 3.35930E+00 3.35927E+00 3.35922E+00 3.35911E+00 3.35901E+00 3.35891E+00 3.35881E+00 3.35871E+00 3.35861E+00 3.35851E+00 3.35842E+00 3.35832E+00 3.35823E+00 3.35813E+00 3.35804E+00 3.35795E+00 3.35786E+00 3.35777E+00 3.35768E+00 3.35759E+00 3.35750E+00 3.35741E+00 3.35733E+00 3.35724E+00 3.35716E+00 3.35680E+00 3.35646E+00 3.35612E+00 3.35581E+00 3.35550E+00 3.35520E+00 3.35492E+00 3.35465E+00 3.35439E+00 3.35413E+00 3.35389E+00 3.35366E+00 3.35343E+00 3.35321E+00 3.35300E+00 3.35280E+00 3.35261E+00 3.35242E+00 3.35224E+00 3.35207E+00 3.35190E+00 3.35174E+00 3.35158E+00 3.35143E+00 3.35129E+00 3.35115E+00 3.35101E+00 3.35088E+00 3.35076E+00 3.35064E+00 3.35052E+00 3.35041E+00 3.35030E+00 3.35020E+00 3.35010E+00 3.35000E+00 3.34991E+00 3.34982E+00 3.34973E+00 3.34965E+00 3.34957E+00 3.34949E+00 3.34942E+00 3.34934E+00 % total
];

MAT_fuelsalt_A = [
0.00000E+00 0.00000E+00 0.00000E+00 0.00000E+00 0.00000E+00 0.00000E+00 0.00000E+00 0.00000E+00 0.00000E+00 0.00000E+00 0.00000E+00 0.00000E+00 0.00000E+00 0.00000E+00 0.00000E+00 0.00000E+00 0.00000E+00 0.00000E+00 0.00000E+00 0.00000E+00 0.00000E+00 0.00000E+00 0.00000E+00 0.00000E+00 0.00000E+00 0.00000E+00 0.00000E+00 0.00000E+00 0.00000E+00 0.00000E+00 0.00000E+00 0.00000E+00 0.00000E+00 0.00000E+00 0.00000E+00 0.00000E+00 0.00000E+00 0.00000E+00 0.00000E+00 0.00000E+00 0.00000E+00 0.00000E+00 0.00000E+00 0.00000E+00 0.00000E+00 0.00000E+00 0.00000E+00 0.00000E+00 0.00000E+00 0.00000E+00 0.00000E+00 0.00000E+00 0.00000E+00 0.00000E+00 0.00000E+00 0.00000E+00 0.00000E+00 0.00000E+00 0.00000E+00 0.00000E+00 0.00000E+00 0.00000E+00 0.00000E+00 0.00000E+00 0.00000E+00 0.00000E+00 0.00000E+00 0.00000E+00 0.00000E+00 0.00000E+00 0.00000E+00 0.00000E+00 % lost data
1.15956E+12 6.25267E+19 7.05767E+19 9.13285E+19 1.00469E+20 1.08211E+20 1.12713E+20 1.13281E+20 1.13732E+20 1.14190E+20 1.13893E+20 1.14053E+20 1.14218E+20 1.14298E+20 1.14241E+20 1.14208E+20 1.14039E+20 1.13844E+20 1.13889E+20 1.14146E+20 1.14142E+20 1.13981E+20 1.14103E+20 1.13946E+20 1.13835E+20 1.14002E+20 1.13823E+20 1.13851E+20 1.16049E+20 1.15481E+20 1.15164E+20 1.15054E+20 1.15243E+20 1.14858E+20 1.14498E+20 1.14586E+20 1.14178E+20 1.14651E+20 1.13830E+20 1.14339E+20 1.14038E+20 1.14121E+20 1.13814E+20 1.13393E+20 1.13900E+20 1.13365E+20 1.13209E+20 1.13299E+20 1.13561E+20 1.13442E+20 1.12926E+20 1.13396E+20 1.12823E+20 1.12910E+20 1.13187E+20 1.12794E+20 1.13041E+20 1.12778E+20 1.12751E+20 1.12488E+20 1.12939E+20 1.12470E+20 1.12659E+20 1.12876E+20 1.12309E+20 1.12681E+20 1.12353E+20 1.12700E+20 1.12400E+20 1.12418E+20 1.12280E+20 1.12286E+20 % total
];

