
ZAI = [
666
0
];

NAMES = [
'lost            '
'total           '
];

iLOST    = 1;
iTOT     = 2;

MAT_fuelsalt_VOLUME = [ 1.36700E+07 1.36700E+07 1.36700E+07 1.36700E+07 1.36700E+07 1.36700E+07 1.36700E+07 1.36700E+07 1.36700E+07 1.36700E+07 1.36700E+07 1.36700E+07 1.36700E+07 1.36700E+07 1.36700E+07 1.36700E+07 1.36700E+07 1.36700E+07 1.36700E+07 1.36700E+07 1.36700E+07 1.36700E+07 1.36700E+07 1.36700E+07 1.36700E+07 1.36700E+07 1.36700E+07 1.36700E+07 1.36700E+07 1.36700E+07 1.36700E+07 1.36700E+07 1.36700E+07 1.36700E+07 1.36700E+07 1.36700E+07 1.36700E+07 1.36700E+07 1.36700E+07 1.36700E+07 1.36700E+07 1.36700E+07 1.36700E+07 1.36700E+07 1.36700E+07 1.36700E+07 1.36700E+07 1.36700E+07 1.36700E+07 1.36700E+07 1.36700E+07 1.36700E+07 1.36700E+07 1.36700E+07 1.36700E+07 1.36700E+07 1.36700E+07 1.36700E+07 1.36700E+07 1.36700E+07 1.36700E+07 1.36700E+07 1.36700E+07 1.36700E+07 1.36700E+07 1.36700E+07 1.36700E+07 1.36700E+07 1.36700E+07 1.36700E+07 1.36700E+07 1.36700E+07 ];

MAT_fuelsalt_BURNUP = [ 0.00000E+00 0.00000E+00 0.00000E+00 0.00000E+00 0.00000E+00 0.00000E+00 0.00000E+00 0.00000E+00 0.00000E+00 0.00000E+00 0.00000E+00 0.00000E+00 0.00000E+00 0.00000E+00 0.00000E+00 0.00000E+00 0.00000E+00 0.00000E+00 0.00000E+00 0.00000E+00 0.00000E+00 0.00000E+00 0.00000E+00 0.00000E+00 0.00000E+00 0.00000E+00 0.00000E+00 0.00000E+00 0.00000E+00 0.00000E+00 0.00000E+00 0.00000E+00 0.00000E+00 0.00000E+00 0.00000E+00 0.00000E+00 0.00000E+00 0.00000E+00 0.00000E+00 0.00000E+00 0.00000E+00 0.00000E+00 0.00000E+00 0.00000E+00 0.00000E+00 0.00000E+00 0.00000E+00 0.00000E+00 0.00000E+00 0.00000E+00 0.00000E+00 0.00000E+00 0.00000E+00 0.00000E+00 0.00000E+00 0.00000E+00 0.00000E+00 0.00000E+00 0.00000E+00 0.00000E+00 0.00000E+00 0.00000E+00 0.00000E+00 0.00000E+00 0.00000E+00 0.00000E+00 0.00000E+00 0.00000E+00 0.00000E+00 0.00000E+00 0.00000E+00 0.00000E+00 ];

MAT_fuelsalt_ADENS = [
0.00000E+00 5.38252E-17 1.07283E-16 2.60088E-15 7.62936E-15 1.72810E-14 3.29952E-14 4.75766E-14 6.16687E-14 7.53050E-14 8.93911E-14 1.03422E-13 1.17631E-13 1.32059E-13 1.46734E-13 1.61737E-13 1.76802E-13 1.92247E-13 2.07542E-13 2.23367E-13 2.39268E-13 2.55346E-13 2.71513E-13 2.87795E-13 3.04279E-13 3.21263E-13 3.38323E-13 3.55709E-13 4.30795E-13 5.08084E-13 5.88411E-13 6.69565E-13 7.52065E-13 8.36338E-13 9.23590E-13 1.00967E-12 1.09717E-12 1.18538E-12 1.27377E-12 1.36257E-12 1.45139E-12 1.54208E-12 1.63303E-12 1.72513E-12 1.81745E-12 1.91054E-12 2.00342E-12 2.09656E-12 2.18973E-12 2.28409E-12 2.37752E-12 2.47094E-12 2.56591E-12 2.66064E-12 2.75528E-12 2.85064E-12 2.94630E-12 3.04280E-12 3.13820E-12 3.23509E-12 3.33116E-12 3.42828E-12 3.52433E-12 3.62085E-12 3.71769E-12 3.81334E-12 3.90968E-12 4.00621E-12 4.10326E-12 4.20039E-12 4.29726E-12 4.39483E-12 % lost data
7.97438E-02 7.97438E-02 7.97439E-02 7.97463E-02 7.97514E-02 7.97614E-02 7.97789E-02 7.97961E-02 7.98131E-02 7.98299E-02 7.98466E-02 7.98630E-02 7.98792E-02 7.98952E-02 7.99110E-02 7.99267E-02 7.99421E-02 7.99574E-02 7.99725E-02 7.99874E-02 8.00021E-02 8.00167E-02 8.00311E-02 8.00453E-02 8.00593E-02 8.00732E-02 8.00869E-02 8.01004E-02 8.01567E-02 8.02102E-02 8.02610E-02 8.03092E-02 8.03550E-02 8.03985E-02 8.04398E-02 8.04790E-02 8.05163E-02 8.05517E-02 8.05853E-02 8.06172E-02 8.06476E-02 8.06764E-02 8.07037E-02 8.07297E-02 8.07544E-02 8.07778E-02 8.08001E-02 8.08213E-02 8.08413E-02 8.08604E-02 8.08785E-02 8.08958E-02 8.09121E-02 8.09276E-02 8.09424E-02 8.09564E-02 8.09697E-02 8.09824E-02 8.09944E-02 8.10058E-02 8.10166E-02 8.10269E-02 8.10367E-02 8.10459E-02 8.10548E-02 8.10631E-02 8.10711E-02 8.10786E-02 8.10858E-02 8.10926E-02 8.10991E-02 8.11053E-02 % total
];

MAT_fuelsalt_MDENS = [
0.00000E+00 0.00000E+00 0.00000E+00 0.00000E+00 0.00000E+00 0.00000E+00 0.00000E+00 0.00000E+00 0.00000E+00 0.00000E+00 0.00000E+00 0.00000E+00 0.00000E+00 0.00000E+00 0.00000E+00 0.00000E+00 0.00000E+00 0.00000E+00 0.00000E+00 0.00000E+00 0.00000E+00 0.00000E+00 0.00000E+00 0.00000E+00 0.00000E+00 0.00000E+00 0.00000E+00 0.00000E+00 0.00000E+00 0.00000E+00 0.00000E+00 0.00000E+00 0.00000E+00 0.00000E+00 0.00000E+00 0.00000E+00 0.00000E+00 0.00000E+00 0.00000E+00 0.00000E+00 0.00000E+00 0.00000E+00 0.00000E+00 0.00000E+00 0.00000E+00 0.00000E+00 0.00000E+00 0.00000E+00 0.00000E+00 0.00000E+00 0.00000E+00 0.00000E+00 0.00000E+00 0.00000E+00 0.00000E+00 0.00000E+00 0.00000E+00 0.00000E+00 0.00000E+00 0.00000E+00 0.00000E+00 0.00000E+00 0.00000E+00 0.00000E+00 0.00000E+00 0.00000E+00 0.00000E+00 0.00000E+00 0.00000E+00 0.00000E+00 0.00000E+00 0.00000E+00 % lost data
3.35931E+00 3.35931E+00 3.35932E+00 3.35944E+00 3.35969E+00 3.36019E+00 3.36105E+00 3.36190E+00 3.36274E+00 3.36357E+00 3.36440E+00 3.36521E+00 3.36602E+00 3.36682E+00 3.36761E+00 3.36839E+00 3.36916E+00 3.36992E+00 3.37068E+00 3.37142E+00 3.37216E+00 3.37289E+00 3.37361E+00 3.37432E+00 3.37502E+00 3.37572E+00 3.37640E+00 3.37708E+00 3.37988E+00 3.38254E+00 3.38507E+00 3.38748E+00 3.38976E+00 3.39194E+00 3.39400E+00 3.39597E+00 3.39784E+00 3.39961E+00 3.40130E+00 3.40290E+00 3.40442E+00 3.40587E+00 3.40724E+00 3.40854E+00 3.40978E+00 3.41096E+00 3.41208E+00 3.41315E+00 3.41416E+00 3.41512E+00 3.41603E+00 3.41690E+00 3.41772E+00 3.41850E+00 3.41924E+00 3.41995E+00 3.42062E+00 3.42126E+00 3.42186E+00 3.42244E+00 3.42298E+00 3.42350E+00 3.42399E+00 3.42446E+00 3.42491E+00 3.42533E+00 3.42573E+00 3.42611E+00 3.42647E+00 3.42682E+00 3.42714E+00 3.42745E+00 % total
];

MAT_fuelsalt_A = [
0.00000E+00 0.00000E+00 0.00000E+00 0.00000E+00 0.00000E+00 0.00000E+00 0.00000E+00 0.00000E+00 0.00000E+00 0.00000E+00 0.00000E+00 0.00000E+00 0.00000E+00 0.00000E+00 0.00000E+00 0.00000E+00 0.00000E+00 0.00000E+00 0.00000E+00 0.00000E+00 0.00000E+00 0.00000E+00 0.00000E+00 0.00000E+00 0.00000E+00 0.00000E+00 0.00000E+00 0.00000E+00 0.00000E+00 0.00000E+00 0.00000E+00 0.00000E+00 0.00000E+00 0.00000E+00 0.00000E+00 0.00000E+00 0.00000E+00 0.00000E+00 0.00000E+00 0.00000E+00 0.00000E+00 0.00000E+00 0.00000E+00 0.00000E+00 0.00000E+00 0.00000E+00 0.00000E+00 0.00000E+00 0.00000E+00 0.00000E+00 0.00000E+00 0.00000E+00 0.00000E+00 0.00000E+00 0.00000E+00 0.00000E+00 0.00000E+00 0.00000E+00 0.00000E+00 0.00000E+00 0.00000E+00 0.00000E+00 0.00000E+00 0.00000E+00 0.00000E+00 0.00000E+00 0.00000E+00 0.00000E+00 0.00000E+00 0.00000E+00 0.00000E+00 0.00000E+00 % lost data
1.15956E+12 6.25805E+19 7.05591E+19 9.56033E+19 1.08441E+20 1.22294E+20 1.32029E+20 1.26237E+20 1.23301E+20 1.21378E+20 1.19932E+20 1.18298E+20 1.17619E+20 1.16267E+20 1.16078E+20 1.15269E+20 1.14701E+20 1.14786E+20 1.14756E+20 1.14146E+20 1.13823E+20 1.13803E+20 1.13612E+20 1.12965E+20 1.13129E+20 1.12809E+20 1.12199E+20 1.12193E+20 1.19832E+20 1.17808E+20 1.15818E+20 1.14319E+20 1.13304E+20 1.12605E+20 1.11765E+20 1.11170E+20 1.11183E+20 1.10558E+20 1.09709E+20 1.09115E+20 1.09275E+20 1.08526E+20 1.08510E+20 1.07834E+20 1.07656E+20 1.07659E+20 1.07162E+20 1.07196E+20 1.06744E+20 1.06500E+20 1.07024E+20 1.06462E+20 1.06190E+20 1.05954E+20 1.06771E+20 1.05772E+20 1.05488E+20 1.05606E+20 1.05701E+20 1.05721E+20 1.05335E+20 1.05087E+20 1.05214E+20 1.05094E+20 1.05217E+20 1.05062E+20 1.05304E+20 1.05198E+20 1.04915E+20 1.05012E+20 1.05154E+20 1.04680E+20 % total
];

