
ZAI = [
666
0
];

NAMES = [
'lost            '
'total           '
];

iLOST    = 1;
iTOT     = 2;

MAT_fuelsalt_VOLUME = [ 1.36700E+07 1.36700E+07 1.36700E+07 1.36700E+07 1.36700E+07 1.36700E+07 1.36700E+07 1.36700E+07 1.36700E+07 1.36700E+07 1.36700E+07 1.36700E+07 1.36700E+07 1.36700E+07 1.36700E+07 1.36700E+07 1.36700E+07 1.36700E+07 1.36700E+07 1.36700E+07 1.36700E+07 1.36700E+07 1.36700E+07 1.36700E+07 1.36700E+07 1.36700E+07 1.36700E+07 1.36700E+07 1.36700E+07 1.36700E+07 1.36700E+07 1.36700E+07 1.36700E+07 1.36700E+07 1.36700E+07 1.36700E+07 1.36700E+07 1.36700E+07 1.36700E+07 1.36700E+07 1.36700E+07 1.36700E+07 1.36700E+07 1.36700E+07 1.36700E+07 1.36700E+07 1.36700E+07 1.36700E+07 1.36700E+07 1.36700E+07 1.36700E+07 1.36700E+07 1.36700E+07 1.36700E+07 1.36700E+07 1.36700E+07 1.36700E+07 1.36700E+07 1.36700E+07 1.36700E+07 1.36700E+07 1.36700E+07 1.36700E+07 1.36700E+07 1.36700E+07 1.36700E+07 1.36700E+07 1.36700E+07 1.36700E+07 1.36700E+07 1.36700E+07 1.36700E+07 ];

MAT_fuelsalt_BURNUP = [ 0.00000E+00 0.00000E+00 0.00000E+00 0.00000E+00 0.00000E+00 0.00000E+00 0.00000E+00 0.00000E+00 0.00000E+00 0.00000E+00 0.00000E+00 0.00000E+00 0.00000E+00 0.00000E+00 0.00000E+00 0.00000E+00 0.00000E+00 0.00000E+00 0.00000E+00 0.00000E+00 0.00000E+00 0.00000E+00 0.00000E+00 0.00000E+00 0.00000E+00 0.00000E+00 0.00000E+00 0.00000E+00 0.00000E+00 0.00000E+00 0.00000E+00 0.00000E+00 0.00000E+00 0.00000E+00 0.00000E+00 0.00000E+00 0.00000E+00 0.00000E+00 0.00000E+00 0.00000E+00 0.00000E+00 0.00000E+00 0.00000E+00 0.00000E+00 0.00000E+00 0.00000E+00 0.00000E+00 0.00000E+00 0.00000E+00 0.00000E+00 0.00000E+00 0.00000E+00 0.00000E+00 0.00000E+00 0.00000E+00 0.00000E+00 0.00000E+00 0.00000E+00 0.00000E+00 0.00000E+00 0.00000E+00 0.00000E+00 0.00000E+00 0.00000E+00 0.00000E+00 0.00000E+00 0.00000E+00 0.00000E+00 0.00000E+00 0.00000E+00 0.00000E+00 0.00000E+00 ];

MAT_fuelsalt_ADENS = [
0.00000E+00 5.13984E-17 1.02568E-16 2.47114E-15 7.39476E-15 1.72584E-14 3.43633E-14 5.13583E-14 6.81641E-14 8.46525E-14 1.01029E-13 1.17256E-13 1.33270E-13 1.49198E-13 1.64933E-13 1.80452E-13 1.96027E-13 2.11325E-13 2.26569E-13 2.41732E-13 2.56852E-13 2.71870E-13 2.86814E-13 3.01766E-13 3.16576E-13 3.31222E-13 3.45886E-13 3.60363E-13 4.22700E-13 4.84048E-13 5.44991E-13 6.04955E-13 6.64783E-13 7.23890E-13 7.82433E-13 8.40467E-13 8.98681E-13 9.56555E-13 1.01386E-12 1.07100E-12 1.12866E-12 1.18537E-12 1.24176E-12 1.29856E-12 1.35514E-12 1.41127E-12 1.46797E-12 1.52504E-12 1.58115E-12 1.63749E-12 1.69378E-12 1.74981E-12 1.80643E-12 1.86185E-12 1.91803E-12 1.97476E-12 2.03098E-12 2.08674E-12 2.14283E-12 2.19845E-12 2.25474E-12 2.31083E-12 2.36666E-12 2.42226E-12 2.47902E-12 2.53505E-12 2.59132E-12 2.64733E-12 2.70348E-12 2.75930E-12 2.81543E-12 2.87198E-12 % lost data
6.51224E-02 6.51224E-02 6.51224E-02 6.51224E-02 6.51225E-02 6.51227E-02 6.51230E-02 6.51233E-02 6.51235E-02 6.51238E-02 6.51241E-02 6.51244E-02 6.51246E-02 6.51249E-02 6.51252E-02 6.51255E-02 6.51257E-02 6.51260E-02 6.51263E-02 6.51266E-02 6.51268E-02 6.51271E-02 6.51274E-02 6.51277E-02 6.51279E-02 6.51282E-02 6.51285E-02 6.51288E-02 6.51300E-02 6.51312E-02 6.51324E-02 6.51336E-02 6.51347E-02 6.51359E-02 6.51371E-02 6.51383E-02 6.51395E-02 6.51406E-02 6.51418E-02 6.51429E-02 6.51441E-02 6.51453E-02 6.51464E-02 6.51475E-02 6.51487E-02 6.51498E-02 6.51509E-02 6.51520E-02 6.51532E-02 6.51543E-02 6.51554E-02 6.51565E-02 6.51576E-02 6.51587E-02 6.51597E-02 6.51608E-02 6.51619E-02 6.51630E-02 6.51640E-02 6.51651E-02 6.51661E-02 6.51672E-02 6.51682E-02 6.51692E-02 6.51703E-02 6.51713E-02 6.51723E-02 6.51733E-02 6.51744E-02 6.51754E-02 6.51764E-02 6.51774E-02 % total
];

MAT_fuelsalt_MDENS = [
0.00000E+00 0.00000E+00 0.00000E+00 0.00000E+00 0.00000E+00 0.00000E+00 0.00000E+00 0.00000E+00 0.00000E+00 0.00000E+00 0.00000E+00 0.00000E+00 0.00000E+00 0.00000E+00 0.00000E+00 0.00000E+00 0.00000E+00 0.00000E+00 0.00000E+00 0.00000E+00 0.00000E+00 0.00000E+00 0.00000E+00 0.00000E+00 0.00000E+00 0.00000E+00 0.00000E+00 0.00000E+00 0.00000E+00 0.00000E+00 0.00000E+00 0.00000E+00 0.00000E+00 0.00000E+00 0.00000E+00 0.00000E+00 0.00000E+00 0.00000E+00 0.00000E+00 0.00000E+00 0.00000E+00 0.00000E+00 0.00000E+00 0.00000E+00 0.00000E+00 0.00000E+00 0.00000E+00 0.00000E+00 0.00000E+00 0.00000E+00 0.00000E+00 0.00000E+00 0.00000E+00 0.00000E+00 0.00000E+00 0.00000E+00 0.00000E+00 0.00000E+00 0.00000E+00 0.00000E+00 0.00000E+00 0.00000E+00 0.00000E+00 0.00000E+00 0.00000E+00 0.00000E+00 0.00000E+00 0.00000E+00 0.00000E+00 0.00000E+00 0.00000E+00 0.00000E+00 % lost data
3.28019E+00 3.28019E+00 3.28019E+00 3.28018E+00 3.28015E+00 3.28009E+00 3.27999E+00 3.27989E+00 3.27979E+00 3.27969E+00 3.27959E+00 3.27948E+00 3.27938E+00 3.27928E+00 3.27918E+00 3.27908E+00 3.27898E+00 3.27888E+00 3.27878E+00 3.27868E+00 3.27858E+00 3.27848E+00 3.27838E+00 3.27828E+00 3.27818E+00 3.27809E+00 3.27799E+00 3.27789E+00 3.27747E+00 3.27705E+00 3.27663E+00 3.27622E+00 3.27581E+00 3.27541E+00 3.27501E+00 3.27461E+00 3.27421E+00 3.27381E+00 3.27342E+00 3.27303E+00 3.27265E+00 3.27226E+00 3.27188E+00 3.27150E+00 3.27112E+00 3.27075E+00 3.27038E+00 3.27000E+00 3.26964E+00 3.26927E+00 3.26891E+00 3.26854E+00 3.26818E+00 3.26783E+00 3.26747E+00 3.26712E+00 3.26677E+00 3.26642E+00 3.26607E+00 3.26572E+00 3.26538E+00 3.26504E+00 3.26470E+00 3.26436E+00 3.26402E+00 3.26369E+00 3.26335E+00 3.26302E+00 3.26269E+00 3.26237E+00 3.26204E+00 3.26172E+00 % total
];

MAT_fuelsalt_A = [
0.00000E+00 0.00000E+00 0.00000E+00 0.00000E+00 0.00000E+00 0.00000E+00 0.00000E+00 0.00000E+00 0.00000E+00 0.00000E+00 0.00000E+00 0.00000E+00 0.00000E+00 0.00000E+00 0.00000E+00 0.00000E+00 0.00000E+00 0.00000E+00 0.00000E+00 0.00000E+00 0.00000E+00 0.00000E+00 0.00000E+00 0.00000E+00 0.00000E+00 0.00000E+00 0.00000E+00 0.00000E+00 0.00000E+00 0.00000E+00 0.00000E+00 0.00000E+00 0.00000E+00 0.00000E+00 0.00000E+00 0.00000E+00 0.00000E+00 0.00000E+00 0.00000E+00 0.00000E+00 0.00000E+00 0.00000E+00 0.00000E+00 0.00000E+00 0.00000E+00 0.00000E+00 0.00000E+00 0.00000E+00 0.00000E+00 0.00000E+00 0.00000E+00 0.00000E+00 0.00000E+00 0.00000E+00 0.00000E+00 0.00000E+00 0.00000E+00 0.00000E+00 0.00000E+00 0.00000E+00 0.00000E+00 0.00000E+00 0.00000E+00 0.00000E+00 0.00000E+00 0.00000E+00 0.00000E+00 0.00000E+00 0.00000E+00 0.00000E+00 0.00000E+00 0.00000E+00 % lost data
1.31843E+12 6.34195E+19 7.10266E+19 9.26762E+19 1.02387E+20 1.09177E+20 1.13206E+20 1.14197E+20 1.14520E+20 1.15216E+20 1.15188E+20 1.15237E+20 1.15461E+20 1.15381E+20 1.15571E+20 1.15591E+20 1.15742E+20 1.15605E+20 1.15916E+20 1.15665E+20 1.15425E+20 1.15459E+20 1.15526E+20 1.15727E+20 1.15728E+20 1.15753E+20 1.15502E+20 1.15591E+20 1.18256E+20 1.17669E+20 1.17139E+20 1.17070E+20 1.17123E+20 1.16946E+20 1.16925E+20 1.16646E+20 1.16623E+20 1.16892E+20 1.16296E+20 1.16791E+20 1.16450E+20 1.16317E+20 1.15826E+20 1.16468E+20 1.16493E+20 1.15951E+20 1.16184E+20 1.16364E+20 1.16093E+20 1.15966E+20 1.16079E+20 1.15840E+20 1.15636E+20 1.15855E+20 1.15762E+20 1.15596E+20 1.15499E+20 1.15833E+20 1.15540E+20 1.15913E+20 1.16038E+20 1.15853E+20 1.15475E+20 1.15805E+20 1.15440E+20 1.15380E+20 1.15416E+20 1.15029E+20 1.15131E+20 1.15185E+20 1.15505E+20 1.15220E+20 % total
];

