
ZAI = [
666
0
];

NAMES = [
'lost            '
'total           '
];

iLOST    = 1;
iTOT     = 2;

MAT_fuelsalt_VOLUME = [ 1.36700E+07 1.36700E+07 1.36700E+07 1.36700E+07 1.36700E+07 1.36700E+07 1.36700E+07 1.36700E+07 1.36700E+07 1.36700E+07 1.36700E+07 1.36700E+07 1.36700E+07 1.36700E+07 1.36700E+07 1.36700E+07 1.36700E+07 1.36700E+07 1.36700E+07 1.36700E+07 1.36700E+07 1.36700E+07 1.36700E+07 1.36700E+07 1.36700E+07 1.36700E+07 1.36700E+07 1.36700E+07 1.36700E+07 1.36700E+07 1.36700E+07 1.36700E+07 1.36700E+07 1.36700E+07 1.36700E+07 1.36700E+07 1.36700E+07 1.36700E+07 1.36700E+07 1.36700E+07 1.36700E+07 1.36700E+07 1.36700E+07 1.36700E+07 1.36700E+07 1.36700E+07 1.36700E+07 1.36700E+07 1.36700E+07 1.36700E+07 1.36700E+07 1.36700E+07 1.36700E+07 1.36700E+07 1.36700E+07 1.36700E+07 1.36700E+07 1.36700E+07 1.36700E+07 1.36700E+07 1.36700E+07 1.36700E+07 1.36700E+07 1.36700E+07 1.36700E+07 1.36700E+07 1.36700E+07 1.36700E+07 1.36700E+07 1.36700E+07 1.36700E+07 1.36700E+07 ];

MAT_fuelsalt_BURNUP = [ 0.00000E+00 0.00000E+00 0.00000E+00 0.00000E+00 0.00000E+00 0.00000E+00 0.00000E+00 0.00000E+00 0.00000E+00 0.00000E+00 0.00000E+00 0.00000E+00 0.00000E+00 0.00000E+00 0.00000E+00 0.00000E+00 0.00000E+00 0.00000E+00 0.00000E+00 0.00000E+00 0.00000E+00 0.00000E+00 0.00000E+00 0.00000E+00 0.00000E+00 0.00000E+00 0.00000E+00 0.00000E+00 0.00000E+00 0.00000E+00 0.00000E+00 0.00000E+00 0.00000E+00 0.00000E+00 0.00000E+00 0.00000E+00 0.00000E+00 0.00000E+00 0.00000E+00 0.00000E+00 0.00000E+00 0.00000E+00 0.00000E+00 0.00000E+00 0.00000E+00 0.00000E+00 0.00000E+00 0.00000E+00 0.00000E+00 0.00000E+00 0.00000E+00 0.00000E+00 0.00000E+00 0.00000E+00 0.00000E+00 0.00000E+00 0.00000E+00 0.00000E+00 0.00000E+00 0.00000E+00 0.00000E+00 0.00000E+00 0.00000E+00 0.00000E+00 0.00000E+00 0.00000E+00 0.00000E+00 0.00000E+00 0.00000E+00 0.00000E+00 0.00000E+00 0.00000E+00 ];

MAT_fuelsalt_ADENS = [
0.00000E+00 5.39176E-17 1.07902E-16 2.59691E-15 7.75396E-15 1.80664E-14 3.61040E-14 5.38939E-14 7.14160E-14 8.86440E-14 1.05514E-13 1.22198E-13 1.38757E-13 1.55060E-13 1.71324E-13 1.87425E-13 2.03389E-13 2.19292E-13 2.34885E-13 2.50468E-13 2.65900E-13 2.81393E-13 2.96733E-13 3.11963E-13 3.27103E-13 3.42294E-13 3.57380E-13 3.72384E-13 4.37243E-13 5.01140E-13 5.64475E-13 6.26709E-13 6.88845E-13 7.50933E-13 8.11937E-13 8.72790E-13 9.33221E-13 9.94300E-13 1.05488E-12 1.11561E-12 1.17626E-12 1.23645E-12 1.29676E-12 1.35741E-12 1.41767E-12 1.47734E-12 1.53719E-12 1.59740E-12 1.65759E-12 1.71806E-12 1.77843E-12 1.83825E-12 1.89816E-12 1.95800E-12 2.01766E-12 2.07809E-12 2.13797E-12 2.19801E-12 2.25853E-12 2.31945E-12 2.38059E-12 2.44099E-12 2.50169E-12 2.56188E-12 2.62226E-12 2.68259E-12 2.74309E-12 2.80336E-12 2.86352E-12 2.92429E-12 2.98475E-12 3.04464E-12 % lost data
7.97438E-02 7.97438E-02 7.97438E-02 7.97438E-02 7.97439E-02 7.97441E-02 7.97443E-02 7.97446E-02 7.97448E-02 7.97451E-02 7.97453E-02 7.97456E-02 7.97459E-02 7.97461E-02 7.97464E-02 7.97466E-02 7.97469E-02 7.97471E-02 7.97474E-02 7.97477E-02 7.97479E-02 7.97482E-02 7.97484E-02 7.97487E-02 7.97489E-02 7.97492E-02 7.97494E-02 7.97497E-02 7.97508E-02 7.97519E-02 7.97530E-02 7.97540E-02 7.97551E-02 7.97561E-02 7.97572E-02 7.97582E-02 7.97592E-02 7.97602E-02 7.97612E-02 7.97622E-02 7.97632E-02 7.97641E-02 7.97651E-02 7.97660E-02 7.97669E-02 7.97678E-02 7.97687E-02 7.97696E-02 7.97705E-02 7.97713E-02 7.97722E-02 7.97730E-02 7.97739E-02 7.97747E-02 7.97755E-02 7.97763E-02 7.97771E-02 7.97779E-02 7.97786E-02 7.97794E-02 7.97801E-02 7.97809E-02 7.97816E-02 7.97823E-02 7.97830E-02 7.97837E-02 7.97844E-02 7.97851E-02 7.97858E-02 7.97864E-02 7.97871E-02 7.97877E-02 % total
];

MAT_fuelsalt_MDENS = [
0.00000E+00 0.00000E+00 0.00000E+00 0.00000E+00 0.00000E+00 0.00000E+00 0.00000E+00 0.00000E+00 0.00000E+00 0.00000E+00 0.00000E+00 0.00000E+00 0.00000E+00 0.00000E+00 0.00000E+00 0.00000E+00 0.00000E+00 0.00000E+00 0.00000E+00 0.00000E+00 0.00000E+00 0.00000E+00 0.00000E+00 0.00000E+00 0.00000E+00 0.00000E+00 0.00000E+00 0.00000E+00 0.00000E+00 0.00000E+00 0.00000E+00 0.00000E+00 0.00000E+00 0.00000E+00 0.00000E+00 0.00000E+00 0.00000E+00 0.00000E+00 0.00000E+00 0.00000E+00 0.00000E+00 0.00000E+00 0.00000E+00 0.00000E+00 0.00000E+00 0.00000E+00 0.00000E+00 0.00000E+00 0.00000E+00 0.00000E+00 0.00000E+00 0.00000E+00 0.00000E+00 0.00000E+00 0.00000E+00 0.00000E+00 0.00000E+00 0.00000E+00 0.00000E+00 0.00000E+00 0.00000E+00 0.00000E+00 0.00000E+00 0.00000E+00 0.00000E+00 0.00000E+00 0.00000E+00 0.00000E+00 0.00000E+00 0.00000E+00 0.00000E+00 0.00000E+00 % lost data
3.35931E+00 3.35931E+00 3.35931E+00 3.35930E+00 3.35927E+00 3.35922E+00 3.35911E+00 3.35901E+00 3.35891E+00 3.35880E+00 3.35870E+00 3.35860E+00 3.35850E+00 3.35839E+00 3.35829E+00 3.35819E+00 3.35809E+00 3.35799E+00 3.35790E+00 3.35780E+00 3.35770E+00 3.35760E+00 3.35750E+00 3.35741E+00 3.35731E+00 3.35722E+00 3.35712E+00 3.35702E+00 3.35661E+00 3.35621E+00 3.35581E+00 3.35542E+00 3.35504E+00 3.35466E+00 3.35429E+00 3.35392E+00 3.35356E+00 3.35321E+00 3.35286E+00 3.35251E+00 3.35217E+00 3.35184E+00 3.35151E+00 3.35118E+00 3.35086E+00 3.35054E+00 3.35023E+00 3.34992E+00 3.34962E+00 3.34932E+00 3.34903E+00 3.34874E+00 3.34845E+00 3.34817E+00 3.34789E+00 3.34762E+00 3.34735E+00 3.34708E+00 3.34681E+00 3.34655E+00 3.34630E+00 3.34605E+00 3.34580E+00 3.34555E+00 3.34531E+00 3.34507E+00 3.34483E+00 3.34460E+00 3.34437E+00 3.34414E+00 3.34392E+00 3.34370E+00 % total
];

MAT_fuelsalt_A = [
0.00000E+00 0.00000E+00 0.00000E+00 0.00000E+00 0.00000E+00 0.00000E+00 0.00000E+00 0.00000E+00 0.00000E+00 0.00000E+00 0.00000E+00 0.00000E+00 0.00000E+00 0.00000E+00 0.00000E+00 0.00000E+00 0.00000E+00 0.00000E+00 0.00000E+00 0.00000E+00 0.00000E+00 0.00000E+00 0.00000E+00 0.00000E+00 0.00000E+00 0.00000E+00 0.00000E+00 0.00000E+00 0.00000E+00 0.00000E+00 0.00000E+00 0.00000E+00 0.00000E+00 0.00000E+00 0.00000E+00 0.00000E+00 0.00000E+00 0.00000E+00 0.00000E+00 0.00000E+00 0.00000E+00 0.00000E+00 0.00000E+00 0.00000E+00 0.00000E+00 0.00000E+00 0.00000E+00 0.00000E+00 0.00000E+00 0.00000E+00 0.00000E+00 0.00000E+00 0.00000E+00 0.00000E+00 0.00000E+00 0.00000E+00 0.00000E+00 0.00000E+00 0.00000E+00 0.00000E+00 0.00000E+00 0.00000E+00 0.00000E+00 0.00000E+00 0.00000E+00 0.00000E+00 0.00000E+00 0.00000E+00 0.00000E+00 0.00000E+00 0.00000E+00 0.00000E+00 % lost data
1.15956E+12 6.25166E+19 7.04757E+19 9.11467E+19 1.00576E+20 1.08402E+20 1.12510E+20 1.13606E+20 1.13778E+20 1.13937E+20 1.14144E+20 1.13878E+20 1.14199E+20 1.14224E+20 1.14352E+20 1.14552E+20 1.14184E+20 1.14341E+20 1.14193E+20 1.14135E+20 1.14329E+20 1.14447E+20 1.14179E+20 1.14209E+20 1.14332E+20 1.14101E+20 1.13596E+20 1.13889E+20 1.16721E+20 1.16077E+20 1.16341E+20 1.15869E+20 1.15613E+20 1.15685E+20 1.15387E+20 1.15368E+20 1.15188E+20 1.14731E+20 1.14619E+20 1.14920E+20 1.14498E+20 1.14403E+20 1.14628E+20 1.14273E+20 1.14352E+20 1.13985E+20 1.14023E+20 1.13811E+20 1.13553E+20 1.13825E+20 1.13586E+20 1.13914E+20 1.13781E+20 1.13445E+20 1.13986E+20 1.13568E+20 1.13186E+20 1.13576E+20 1.12726E+20 1.13256E+20 1.13177E+20 1.13139E+20 1.13174E+20 1.13155E+20 1.12851E+20 1.13584E+20 1.13083E+20 1.13007E+20 1.12984E+20 1.12913E+20 1.12423E+20 1.12704E+20 % total
];

