
ZAI = [
666
0
];

NAMES = [
'lost            '
'total           '
];

iLOST    = 1;
iTOT     = 2;

MAT_fuelsalt_VOLUME = [ 1.36700E+07 1.36700E+07 1.36700E+07 1.36700E+07 1.36700E+07 1.36700E+07 1.36700E+07 1.36700E+07 1.36700E+07 1.36700E+07 1.36700E+07 1.36700E+07 1.36700E+07 1.36700E+07 1.36700E+07 1.36700E+07 1.36700E+07 1.36700E+07 1.36700E+07 1.36700E+07 1.36700E+07 1.36700E+07 1.36700E+07 1.36700E+07 1.36700E+07 1.36700E+07 1.36700E+07 1.36700E+07 1.36700E+07 1.36700E+07 1.36700E+07 1.36700E+07 1.36700E+07 1.36700E+07 1.36700E+07 1.36700E+07 1.36700E+07 1.36700E+07 1.36700E+07 1.36700E+07 1.36700E+07 1.36700E+07 1.36700E+07 1.36700E+07 1.36700E+07 1.36700E+07 1.36700E+07 1.36700E+07 1.36700E+07 1.36700E+07 1.36700E+07 1.36700E+07 1.36700E+07 1.36700E+07 1.36700E+07 1.36700E+07 1.36700E+07 1.36700E+07 1.36700E+07 1.36700E+07 1.36700E+07 1.36700E+07 1.36700E+07 1.36700E+07 1.36700E+07 1.36700E+07 1.36700E+07 1.36700E+07 1.36700E+07 1.36700E+07 1.36700E+07 1.36700E+07 ];

MAT_fuelsalt_BURNUP = [ 0.00000E+00 0.00000E+00 0.00000E+00 0.00000E+00 0.00000E+00 0.00000E+00 0.00000E+00 0.00000E+00 0.00000E+00 0.00000E+00 0.00000E+00 0.00000E+00 0.00000E+00 0.00000E+00 0.00000E+00 0.00000E+00 0.00000E+00 0.00000E+00 0.00000E+00 0.00000E+00 0.00000E+00 0.00000E+00 0.00000E+00 0.00000E+00 0.00000E+00 0.00000E+00 0.00000E+00 0.00000E+00 0.00000E+00 0.00000E+00 0.00000E+00 0.00000E+00 0.00000E+00 0.00000E+00 0.00000E+00 0.00000E+00 0.00000E+00 0.00000E+00 0.00000E+00 0.00000E+00 0.00000E+00 0.00000E+00 0.00000E+00 0.00000E+00 0.00000E+00 0.00000E+00 0.00000E+00 0.00000E+00 0.00000E+00 0.00000E+00 0.00000E+00 0.00000E+00 0.00000E+00 0.00000E+00 0.00000E+00 0.00000E+00 0.00000E+00 0.00000E+00 0.00000E+00 0.00000E+00 0.00000E+00 0.00000E+00 0.00000E+00 0.00000E+00 0.00000E+00 0.00000E+00 0.00000E+00 0.00000E+00 0.00000E+00 0.00000E+00 0.00000E+00 0.00000E+00 ];

MAT_fuelsalt_ADENS = [
0.00000E+00 5.36407E-17 1.07345E-16 2.61119E-15 7.77460E-15 1.81910E-14 3.61910E-14 5.38236E-14 7.11859E-14 8.84515E-14 1.05274E-13 1.22116E-13 1.38669E-13 1.55056E-13 1.71303E-13 1.87448E-13 2.03379E-13 2.19176E-13 2.34865E-13 2.50444E-13 2.65950E-13 2.81395E-13 2.96688E-13 3.11810E-13 3.27062E-13 3.42103E-13 3.57217E-13 3.72201E-13 4.36080E-13 4.99868E-13 5.62124E-13 6.24403E-13 6.86158E-13 7.46808E-13 8.07493E-13 8.67614E-13 9.27840E-13 9.87882E-13 1.04796E-12 1.10765E-12 1.16794E-12 1.22788E-12 1.28763E-12 1.34761E-12 1.40849E-12 1.46849E-12 1.52790E-12 1.58710E-12 1.64728E-12 1.70674E-12 1.76597E-12 1.82549E-12 1.88504E-12 1.94527E-12 2.00438E-12 2.06432E-12 2.12336E-12 2.18295E-12 2.24251E-12 2.30214E-12 2.36197E-12 2.42179E-12 2.48162E-12 2.54134E-12 2.60118E-12 2.66095E-12 2.72009E-12 2.77950E-12 2.83960E-12 2.89996E-12 2.96046E-12 3.02043E-12 % lost data
7.97438E-02 7.97438E-02 7.97438E-02 7.97438E-02 7.97439E-02 7.97441E-02 7.97443E-02 7.97446E-02 7.97448E-02 7.97451E-02 7.97454E-02 7.97456E-02 7.97459E-02 7.97461E-02 7.97464E-02 7.97467E-02 7.97469E-02 7.97472E-02 7.97474E-02 7.97477E-02 7.97480E-02 7.97482E-02 7.97485E-02 7.97488E-02 7.97490E-02 7.97493E-02 7.97495E-02 7.97498E-02 7.97510E-02 7.97521E-02 7.97533E-02 7.97544E-02 7.97556E-02 7.97567E-02 7.97578E-02 7.97590E-02 7.97601E-02 7.97612E-02 7.97624E-02 7.97635E-02 7.97646E-02 7.97657E-02 7.97668E-02 7.97679E-02 7.97690E-02 7.97701E-02 7.97712E-02 7.97722E-02 7.97733E-02 7.97744E-02 7.97754E-02 7.97765E-02 7.97776E-02 7.97786E-02 7.97796E-02 7.97807E-02 7.97817E-02 7.97827E-02 7.97838E-02 7.97848E-02 7.97858E-02 7.97868E-02 7.97878E-02 7.97888E-02 7.97898E-02 7.97908E-02 7.97917E-02 7.97927E-02 7.97937E-02 7.97946E-02 7.97956E-02 7.97966E-02 % total
];

MAT_fuelsalt_MDENS = [
0.00000E+00 0.00000E+00 0.00000E+00 0.00000E+00 0.00000E+00 0.00000E+00 0.00000E+00 0.00000E+00 0.00000E+00 0.00000E+00 0.00000E+00 0.00000E+00 0.00000E+00 0.00000E+00 0.00000E+00 0.00000E+00 0.00000E+00 0.00000E+00 0.00000E+00 0.00000E+00 0.00000E+00 0.00000E+00 0.00000E+00 0.00000E+00 0.00000E+00 0.00000E+00 0.00000E+00 0.00000E+00 0.00000E+00 0.00000E+00 0.00000E+00 0.00000E+00 0.00000E+00 0.00000E+00 0.00000E+00 0.00000E+00 0.00000E+00 0.00000E+00 0.00000E+00 0.00000E+00 0.00000E+00 0.00000E+00 0.00000E+00 0.00000E+00 0.00000E+00 0.00000E+00 0.00000E+00 0.00000E+00 0.00000E+00 0.00000E+00 0.00000E+00 0.00000E+00 0.00000E+00 0.00000E+00 0.00000E+00 0.00000E+00 0.00000E+00 0.00000E+00 0.00000E+00 0.00000E+00 0.00000E+00 0.00000E+00 0.00000E+00 0.00000E+00 0.00000E+00 0.00000E+00 0.00000E+00 0.00000E+00 0.00000E+00 0.00000E+00 0.00000E+00 0.00000E+00 % lost data
3.35931E+00 3.35931E+00 3.35931E+00 3.35930E+00 3.35927E+00 3.35922E+00 3.35911E+00 3.35901E+00 3.35891E+00 3.35880E+00 3.35870E+00 3.35860E+00 3.35849E+00 3.35839E+00 3.35829E+00 3.35819E+00 3.35808E+00 3.35798E+00 3.35788E+00 3.35778E+00 3.35768E+00 3.35758E+00 3.35748E+00 3.35738E+00 3.35728E+00 3.35718E+00 3.35708E+00 3.35698E+00 3.35655E+00 3.35613E+00 3.35571E+00 3.35529E+00 3.35488E+00 3.35447E+00 3.35406E+00 3.35366E+00 3.35326E+00 3.35286E+00 3.35246E+00 3.35207E+00 3.35168E+00 3.35129E+00 3.35090E+00 3.35052E+00 3.35014E+00 3.34976E+00 3.34939E+00 3.34901E+00 3.34864E+00 3.34827E+00 3.34791E+00 3.34754E+00 3.34718E+00 3.34682E+00 3.34646E+00 3.34611E+00 3.34575E+00 3.34540E+00 3.34505E+00 3.34471E+00 3.34436E+00 3.34402E+00 3.34368E+00 3.34334E+00 3.34300E+00 3.34266E+00 3.34233E+00 3.34200E+00 3.34167E+00 3.34134E+00 3.34101E+00 3.34069E+00 % total
];

MAT_fuelsalt_A = [
0.00000E+00 0.00000E+00 0.00000E+00 0.00000E+00 0.00000E+00 0.00000E+00 0.00000E+00 0.00000E+00 0.00000E+00 0.00000E+00 0.00000E+00 0.00000E+00 0.00000E+00 0.00000E+00 0.00000E+00 0.00000E+00 0.00000E+00 0.00000E+00 0.00000E+00 0.00000E+00 0.00000E+00 0.00000E+00 0.00000E+00 0.00000E+00 0.00000E+00 0.00000E+00 0.00000E+00 0.00000E+00 0.00000E+00 0.00000E+00 0.00000E+00 0.00000E+00 0.00000E+00 0.00000E+00 0.00000E+00 0.00000E+00 0.00000E+00 0.00000E+00 0.00000E+00 0.00000E+00 0.00000E+00 0.00000E+00 0.00000E+00 0.00000E+00 0.00000E+00 0.00000E+00 0.00000E+00 0.00000E+00 0.00000E+00 0.00000E+00 0.00000E+00 0.00000E+00 0.00000E+00 0.00000E+00 0.00000E+00 0.00000E+00 0.00000E+00 0.00000E+00 0.00000E+00 0.00000E+00 0.00000E+00 0.00000E+00 0.00000E+00 0.00000E+00 0.00000E+00 0.00000E+00 0.00000E+00 0.00000E+00 0.00000E+00 0.00000E+00 0.00000E+00 0.00000E+00 % lost data
1.15956E+12 6.25486E+19 7.05006E+19 9.12355E+19 1.00675E+20 1.08245E+20 1.12745E+20 1.13508E+20 1.13894E+20 1.14058E+20 1.14400E+20 1.14596E+20 1.14696E+20 1.14351E+20 1.14437E+20 1.14634E+20 1.14650E+20 1.14209E+20 1.14506E+20 1.14523E+20 1.14282E+20 1.14217E+20 1.14135E+20 1.14372E+20 1.14415E+20 1.14062E+20 1.14298E+20 1.14552E+20 1.16963E+20 1.16852E+20 1.15901E+20 1.15964E+20 1.16049E+20 1.16077E+20 1.15497E+20 1.15490E+20 1.15402E+20 1.15429E+20 1.15541E+20 1.15379E+20 1.15033E+20 1.14940E+20 1.14980E+20 1.14789E+20 1.14921E+20 1.14475E+20 1.14708E+20 1.15090E+20 1.14661E+20 1.14075E+20 1.14513E+20 1.14292E+20 1.14300E+20 1.14252E+20 1.14254E+20 1.14083E+20 1.13761E+20 1.14148E+20 1.13971E+20 1.13980E+20 1.13791E+20 1.13536E+20 1.13735E+20 1.13541E+20 1.13368E+20 1.13724E+20 1.13627E+20 1.13650E+20 1.13368E+20 1.13321E+20 1.13530E+20 1.13922E+20 % total
];

