
ZAI = [
666
0
];

NAMES = [
'lost            '
'total           '
];

iLOST    = 1;
iTOT     = 2;

MAT_fuelsalt_VOLUME = [ 1.36700E+07 1.36700E+07 1.36700E+07 1.36700E+07 1.36700E+07 1.36700E+07 1.36700E+07 1.36700E+07 1.36700E+07 1.36700E+07 1.36700E+07 1.36700E+07 1.36700E+07 1.36700E+07 1.36700E+07 1.36700E+07 1.36700E+07 1.36700E+07 1.36700E+07 1.36700E+07 1.36700E+07 1.36700E+07 1.36700E+07 1.36700E+07 1.36700E+07 1.36700E+07 1.36700E+07 1.36700E+07 1.36700E+07 1.36700E+07 1.36700E+07 1.36700E+07 1.36700E+07 1.36700E+07 1.36700E+07 1.36700E+07 1.36700E+07 1.36700E+07 1.36700E+07 1.36700E+07 1.36700E+07 1.36700E+07 1.36700E+07 1.36700E+07 1.36700E+07 1.36700E+07 1.36700E+07 1.36700E+07 1.36700E+07 1.36700E+07 1.36700E+07 1.36700E+07 1.36700E+07 1.36700E+07 1.36700E+07 1.36700E+07 1.36700E+07 1.36700E+07 1.36700E+07 1.36700E+07 1.36700E+07 1.36700E+07 1.36700E+07 1.36700E+07 1.36700E+07 1.36700E+07 1.36700E+07 1.36700E+07 1.36700E+07 1.36700E+07 1.36700E+07 1.36700E+07 ];

MAT_fuelsalt_BURNUP = [ 0.00000E+00 0.00000E+00 0.00000E+00 0.00000E+00 0.00000E+00 0.00000E+00 0.00000E+00 0.00000E+00 0.00000E+00 0.00000E+00 0.00000E+00 0.00000E+00 0.00000E+00 0.00000E+00 0.00000E+00 0.00000E+00 0.00000E+00 0.00000E+00 0.00000E+00 0.00000E+00 0.00000E+00 0.00000E+00 0.00000E+00 0.00000E+00 0.00000E+00 0.00000E+00 0.00000E+00 0.00000E+00 0.00000E+00 0.00000E+00 0.00000E+00 0.00000E+00 0.00000E+00 0.00000E+00 0.00000E+00 0.00000E+00 0.00000E+00 0.00000E+00 0.00000E+00 0.00000E+00 0.00000E+00 0.00000E+00 0.00000E+00 0.00000E+00 0.00000E+00 0.00000E+00 0.00000E+00 0.00000E+00 0.00000E+00 0.00000E+00 0.00000E+00 0.00000E+00 0.00000E+00 0.00000E+00 0.00000E+00 0.00000E+00 0.00000E+00 0.00000E+00 0.00000E+00 0.00000E+00 0.00000E+00 0.00000E+00 0.00000E+00 0.00000E+00 0.00000E+00 0.00000E+00 0.00000E+00 0.00000E+00 0.00000E+00 0.00000E+00 0.00000E+00 0.00000E+00 ];

MAT_fuelsalt_ADENS = [
0.00000E+00 5.37097E-17 1.07891E-16 2.58671E-15 7.76399E-15 1.79063E-14 3.50723E-14 5.11440E-14 6.67863E-14 8.20366E-14 9.70737E-14 1.11838E-13 1.26536E-13 1.41126E-13 1.55650E-13 1.70116E-13 1.84399E-13 1.99002E-13 2.13678E-13 2.28334E-13 2.43387E-13 2.58356E-13 2.73188E-13 2.87951E-13 3.03095E-13 3.18228E-13 3.33476E-13 3.48696E-13 4.14891E-13 4.83065E-13 5.53465E-13 6.25324E-13 6.96695E-13 7.70233E-13 8.43480E-13 9.18727E-13 9.94508E-13 1.07024E-12 1.14705E-12 1.22504E-12 1.30266E-12 1.38095E-12 1.46055E-12 1.53866E-12 1.61970E-12 1.69904E-12 1.77906E-12 1.85887E-12 1.93944E-12 2.01964E-12 2.09896E-12 2.17898E-12 2.25981E-12 2.34043E-12 2.42115E-12 2.50145E-12 2.58291E-12 2.66498E-12 2.74701E-12 2.82820E-12 2.90969E-12 2.99173E-12 3.07309E-12 3.15578E-12 3.23786E-12 3.32021E-12 3.40287E-12 3.48579E-12 3.56913E-12 3.65227E-12 3.73569E-12 3.81980E-12 % lost data
7.97438E-02 7.97438E-02 7.97438E-02 7.97447E-02 7.97465E-02 7.97501E-02 7.97563E-02 7.97624E-02 7.97685E-02 7.97745E-02 7.97805E-02 7.97864E-02 7.97922E-02 7.97980E-02 7.98037E-02 7.98093E-02 7.98149E-02 7.98204E-02 7.98259E-02 7.98313E-02 7.98367E-02 7.98420E-02 7.98472E-02 7.98524E-02 7.98576E-02 7.98626E-02 7.98677E-02 7.98726E-02 7.98935E-02 7.99133E-02 7.99323E-02 7.99505E-02 7.99678E-02 7.99844E-02 8.00002E-02 8.00153E-02 8.00298E-02 8.00436E-02 8.00568E-02 8.00694E-02 8.00815E-02 8.00930E-02 8.01040E-02 8.01145E-02 8.01246E-02 8.01342E-02 8.01434E-02 8.01521E-02 8.01605E-02 8.01685E-02 8.01762E-02 8.01835E-02 8.01905E-02 8.01972E-02 8.02036E-02 8.02097E-02 8.02155E-02 8.02211E-02 8.02264E-02 8.02315E-02 8.02364E-02 8.02411E-02 8.02455E-02 8.02497E-02 8.02538E-02 8.02577E-02 8.02614E-02 8.02649E-02 8.02683E-02 8.02716E-02 8.02747E-02 8.02776E-02 % total
];

MAT_fuelsalt_MDENS = [
0.00000E+00 0.00000E+00 0.00000E+00 0.00000E+00 0.00000E+00 0.00000E+00 0.00000E+00 0.00000E+00 0.00000E+00 0.00000E+00 0.00000E+00 0.00000E+00 0.00000E+00 0.00000E+00 0.00000E+00 0.00000E+00 0.00000E+00 0.00000E+00 0.00000E+00 0.00000E+00 0.00000E+00 0.00000E+00 0.00000E+00 0.00000E+00 0.00000E+00 0.00000E+00 0.00000E+00 0.00000E+00 0.00000E+00 0.00000E+00 0.00000E+00 0.00000E+00 0.00000E+00 0.00000E+00 0.00000E+00 0.00000E+00 0.00000E+00 0.00000E+00 0.00000E+00 0.00000E+00 0.00000E+00 0.00000E+00 0.00000E+00 0.00000E+00 0.00000E+00 0.00000E+00 0.00000E+00 0.00000E+00 0.00000E+00 0.00000E+00 0.00000E+00 0.00000E+00 0.00000E+00 0.00000E+00 0.00000E+00 0.00000E+00 0.00000E+00 0.00000E+00 0.00000E+00 0.00000E+00 0.00000E+00 0.00000E+00 0.00000E+00 0.00000E+00 0.00000E+00 0.00000E+00 0.00000E+00 0.00000E+00 0.00000E+00 0.00000E+00 0.00000E+00 0.00000E+00 % lost data
3.35931E+00 3.35931E+00 3.35931E+00 3.35934E+00 3.35941E+00 3.35953E+00 3.35973E+00 3.35993E+00 3.36013E+00 3.36033E+00 3.36053E+00 3.36073E+00 3.36092E+00 3.36112E+00 3.36131E+00 3.36150E+00 3.36169E+00 3.36188E+00 3.36207E+00 3.36225E+00 3.36243E+00 3.36262E+00 3.36279E+00 3.36297E+00 3.36315E+00 3.36332E+00 3.36349E+00 3.36367E+00 3.36436E+00 3.36502E+00 3.36566E+00 3.36628E+00 3.36687E+00 3.36743E+00 3.36797E+00 3.36849E+00 3.36898E+00 3.36946E+00 3.36991E+00 3.37035E+00 3.37076E+00 3.37116E+00 3.37154E+00 3.37190E+00 3.37225E+00 3.37259E+00 3.37290E+00 3.37321E+00 3.37350E+00 3.37378E+00 3.37404E+00 3.37430E+00 3.37454E+00 3.37478E+00 3.37500E+00 3.37521E+00 3.37541E+00 3.37561E+00 3.37580E+00 3.37597E+00 3.37614E+00 3.37631E+00 3.37646E+00 3.37661E+00 3.37675E+00 3.37689E+00 3.37702E+00 3.37714E+00 3.37726E+00 3.37738E+00 3.37748E+00 3.37759E+00 % total
];

MAT_fuelsalt_A = [
0.00000E+00 0.00000E+00 0.00000E+00 0.00000E+00 0.00000E+00 0.00000E+00 0.00000E+00 0.00000E+00 0.00000E+00 0.00000E+00 0.00000E+00 0.00000E+00 0.00000E+00 0.00000E+00 0.00000E+00 0.00000E+00 0.00000E+00 0.00000E+00 0.00000E+00 0.00000E+00 0.00000E+00 0.00000E+00 0.00000E+00 0.00000E+00 0.00000E+00 0.00000E+00 0.00000E+00 0.00000E+00 0.00000E+00 0.00000E+00 0.00000E+00 0.00000E+00 0.00000E+00 0.00000E+00 0.00000E+00 0.00000E+00 0.00000E+00 0.00000E+00 0.00000E+00 0.00000E+00 0.00000E+00 0.00000E+00 0.00000E+00 0.00000E+00 0.00000E+00 0.00000E+00 0.00000E+00 0.00000E+00 0.00000E+00 0.00000E+00 0.00000E+00 0.00000E+00 0.00000E+00 0.00000E+00 0.00000E+00 0.00000E+00 0.00000E+00 0.00000E+00 0.00000E+00 0.00000E+00 0.00000E+00 0.00000E+00 0.00000E+00 0.00000E+00 0.00000E+00 0.00000E+00 0.00000E+00 0.00000E+00 0.00000E+00 0.00000E+00 0.00000E+00 0.00000E+00 % lost data
1.15956E+12 6.25702E+19 7.05658E+19 9.29747E+19 1.04329E+20 1.15172E+20 1.23262E+20 1.20659E+20 1.19017E+20 1.17787E+20 1.16784E+20 1.15998E+20 1.15410E+20 1.14680E+20 1.14188E+20 1.13956E+20 1.13821E+20 1.13400E+20 1.13251E+20 1.13544E+20 1.12495E+20 1.12345E+20 1.12415E+20 1.12173E+20 1.12086E+20 1.11603E+20 1.11588E+20 1.11698E+20 1.20023E+20 1.17338E+20 1.16143E+20 1.14405E+20 1.13752E+20 1.12574E+20 1.12166E+20 1.11096E+20 1.10940E+20 1.10503E+20 1.09874E+20 1.09443E+20 1.09443E+20 1.08769E+20 1.08254E+20 1.07931E+20 1.07373E+20 1.07180E+20 1.07119E+20 1.07219E+20 1.07090E+20 1.06667E+20 1.06635E+20 1.06401E+20 1.05947E+20 1.06448E+20 1.05837E+20 1.06132E+20 1.05902E+20 1.05658E+20 1.05455E+20 1.05256E+20 1.05265E+20 1.05560E+20 1.05337E+20 1.05177E+20 1.05256E+20 1.05765E+20 1.05078E+20 1.04962E+20 1.04586E+20 1.04876E+20 1.04386E+20 1.04412E+20 % total
];

