
ZAI = [
666
0
];

NAMES = [
'lost            '
'total           '
];

iLOST    = 1;
iTOT     = 2;

MAT_fuelsalt_VOLUME = [ 1.36700E+07 1.36700E+07 1.36700E+07 1.36700E+07 1.36700E+07 1.36700E+07 1.36700E+07 1.36700E+07 1.36700E+07 1.36700E+07 1.36700E+07 1.36700E+07 1.36700E+07 1.36700E+07 1.36700E+07 1.36700E+07 1.36700E+07 1.36700E+07 1.36700E+07 1.36700E+07 1.36700E+07 1.36700E+07 1.36700E+07 1.36700E+07 1.36700E+07 1.36700E+07 1.36700E+07 1.36700E+07 1.36700E+07 1.36700E+07 1.36700E+07 1.36700E+07 1.36700E+07 1.36700E+07 1.36700E+07 1.36700E+07 1.36700E+07 1.36700E+07 1.36700E+07 1.36700E+07 1.36700E+07 1.36700E+07 1.36700E+07 1.36700E+07 1.36700E+07 1.36700E+07 1.36700E+07 1.36700E+07 1.36700E+07 1.36700E+07 1.36700E+07 1.36700E+07 1.36700E+07 1.36700E+07 1.36700E+07 1.36700E+07 1.36700E+07 1.36700E+07 1.36700E+07 1.36700E+07 1.36700E+07 1.36700E+07 1.36700E+07 1.36700E+07 1.36700E+07 1.36700E+07 1.36700E+07 1.36700E+07 1.36700E+07 1.36700E+07 1.36700E+07 1.36700E+07 ];

MAT_fuelsalt_BURNUP = [ 0.00000E+00 0.00000E+00 0.00000E+00 0.00000E+00 0.00000E+00 0.00000E+00 0.00000E+00 0.00000E+00 0.00000E+00 0.00000E+00 0.00000E+00 0.00000E+00 0.00000E+00 0.00000E+00 0.00000E+00 0.00000E+00 0.00000E+00 0.00000E+00 0.00000E+00 0.00000E+00 0.00000E+00 0.00000E+00 0.00000E+00 0.00000E+00 0.00000E+00 0.00000E+00 0.00000E+00 0.00000E+00 0.00000E+00 0.00000E+00 0.00000E+00 0.00000E+00 0.00000E+00 0.00000E+00 0.00000E+00 0.00000E+00 0.00000E+00 0.00000E+00 0.00000E+00 0.00000E+00 0.00000E+00 0.00000E+00 0.00000E+00 0.00000E+00 0.00000E+00 0.00000E+00 0.00000E+00 0.00000E+00 0.00000E+00 0.00000E+00 0.00000E+00 0.00000E+00 0.00000E+00 0.00000E+00 0.00000E+00 0.00000E+00 0.00000E+00 0.00000E+00 0.00000E+00 0.00000E+00 0.00000E+00 0.00000E+00 0.00000E+00 0.00000E+00 0.00000E+00 0.00000E+00 0.00000E+00 0.00000E+00 0.00000E+00 0.00000E+00 0.00000E+00 0.00000E+00 ];

MAT_fuelsalt_ADENS = [
0.00000E+00 5.14282E-17 1.02475E-16 2.47004E-15 7.42615E-15 1.73886E-14 3.48136E-14 5.18808E-14 6.87201E-14 8.53263E-14 1.01821E-13 1.18086E-13 1.34258E-13 1.50383E-13 1.66332E-13 1.82181E-13 1.97981E-13 2.13614E-13 2.29238E-13 2.44784E-13 2.60370E-13 2.75830E-13 2.91238E-13 3.06767E-13 3.22157E-13 3.37426E-13 3.52714E-13 3.67930E-13 4.34683E-13 5.01158E-13 5.66577E-13 6.32061E-13 6.97148E-13 7.61490E-13 8.26182E-13 8.90186E-13 9.54052E-13 1.01796E-12 1.08178E-12 1.14553E-12 1.20954E-12 1.27317E-12 1.33711E-12 1.40049E-12 1.46364E-12 1.52726E-12 1.59033E-12 1.65362E-12 1.71669E-12 1.78026E-12 1.84332E-12 1.90670E-12 1.97002E-12 2.03309E-12 2.09657E-12 2.15979E-12 2.22283E-12 2.28620E-12 2.34957E-12 2.41257E-12 2.47574E-12 2.53897E-12 2.60199E-12 2.66514E-12 2.72815E-12 2.79136E-12 2.85448E-12 2.91753E-12 2.98079E-12 3.04371E-12 3.10690E-12 3.17002E-12 % lost data
6.51224E-02 6.51224E-02 6.51224E-02 6.51224E-02 6.51225E-02 6.51227E-02 6.51230E-02 6.51232E-02 6.51235E-02 6.51238E-02 6.51240E-02 6.51243E-02 6.51245E-02 6.51247E-02 6.51250E-02 6.51252E-02 6.51254E-02 6.51256E-02 6.51258E-02 6.51261E-02 6.51263E-02 6.51265E-02 6.51267E-02 6.51268E-02 6.51270E-02 6.51272E-02 6.51274E-02 6.51276E-02 6.51283E-02 6.51290E-02 6.51296E-02 6.51302E-02 6.51307E-02 6.51311E-02 6.51315E-02 6.51319E-02 6.51323E-02 6.51326E-02 6.51329E-02 6.51331E-02 6.51333E-02 6.51336E-02 6.51338E-02 6.51339E-02 6.51341E-02 6.51342E-02 6.51344E-02 6.51345E-02 6.51346E-02 6.51347E-02 6.51348E-02 6.51349E-02 6.51350E-02 6.51350E-02 6.51351E-02 6.51352E-02 6.51352E-02 6.51353E-02 6.51353E-02 6.51353E-02 6.51354E-02 6.51354E-02 6.51354E-02 6.51355E-02 6.51355E-02 6.51355E-02 6.51355E-02 6.51356E-02 6.51356E-02 6.51356E-02 6.51356E-02 6.51356E-02 % total
];

MAT_fuelsalt_MDENS = [
0.00000E+00 0.00000E+00 0.00000E+00 0.00000E+00 0.00000E+00 0.00000E+00 0.00000E+00 0.00000E+00 0.00000E+00 0.00000E+00 0.00000E+00 0.00000E+00 0.00000E+00 0.00000E+00 0.00000E+00 0.00000E+00 0.00000E+00 0.00000E+00 0.00000E+00 0.00000E+00 0.00000E+00 0.00000E+00 0.00000E+00 0.00000E+00 0.00000E+00 0.00000E+00 0.00000E+00 0.00000E+00 0.00000E+00 0.00000E+00 0.00000E+00 0.00000E+00 0.00000E+00 0.00000E+00 0.00000E+00 0.00000E+00 0.00000E+00 0.00000E+00 0.00000E+00 0.00000E+00 0.00000E+00 0.00000E+00 0.00000E+00 0.00000E+00 0.00000E+00 0.00000E+00 0.00000E+00 0.00000E+00 0.00000E+00 0.00000E+00 0.00000E+00 0.00000E+00 0.00000E+00 0.00000E+00 0.00000E+00 0.00000E+00 0.00000E+00 0.00000E+00 0.00000E+00 0.00000E+00 0.00000E+00 0.00000E+00 0.00000E+00 0.00000E+00 0.00000E+00 0.00000E+00 0.00000E+00 0.00000E+00 0.00000E+00 0.00000E+00 0.00000E+00 0.00000E+00 % lost data
3.28019E+00 3.28019E+00 3.28019E+00 3.28017E+00 3.28013E+00 3.28006E+00 3.27992E+00 3.27979E+00 3.27966E+00 3.27953E+00 3.27940E+00 3.27928E+00 3.27916E+00 3.27904E+00 3.27892E+00 3.27881E+00 3.27870E+00 3.27859E+00 3.27849E+00 3.27838E+00 3.27828E+00 3.27818E+00 3.27809E+00 3.27799E+00 3.27790E+00 3.27781E+00 3.27772E+00 3.27763E+00 3.27727E+00 3.27694E+00 3.27664E+00 3.27636E+00 3.27612E+00 3.27589E+00 3.27568E+00 3.27550E+00 3.27532E+00 3.27517E+00 3.27503E+00 3.27490E+00 3.27478E+00 3.27467E+00 3.27458E+00 3.27449E+00 3.27440E+00 3.27433E+00 3.27426E+00 3.27420E+00 3.27414E+00 3.27409E+00 3.27405E+00 3.27400E+00 3.27396E+00 3.27393E+00 3.27390E+00 3.27387E+00 3.27384E+00 3.27381E+00 3.27379E+00 3.27377E+00 3.27375E+00 3.27374E+00 3.27372E+00 3.27371E+00 3.27369E+00 3.27368E+00 3.27367E+00 3.27366E+00 3.27365E+00 3.27364E+00 3.27364E+00 3.27363E+00 % total
];

MAT_fuelsalt_A = [
0.00000E+00 0.00000E+00 0.00000E+00 0.00000E+00 0.00000E+00 0.00000E+00 0.00000E+00 0.00000E+00 0.00000E+00 0.00000E+00 0.00000E+00 0.00000E+00 0.00000E+00 0.00000E+00 0.00000E+00 0.00000E+00 0.00000E+00 0.00000E+00 0.00000E+00 0.00000E+00 0.00000E+00 0.00000E+00 0.00000E+00 0.00000E+00 0.00000E+00 0.00000E+00 0.00000E+00 0.00000E+00 0.00000E+00 0.00000E+00 0.00000E+00 0.00000E+00 0.00000E+00 0.00000E+00 0.00000E+00 0.00000E+00 0.00000E+00 0.00000E+00 0.00000E+00 0.00000E+00 0.00000E+00 0.00000E+00 0.00000E+00 0.00000E+00 0.00000E+00 0.00000E+00 0.00000E+00 0.00000E+00 0.00000E+00 0.00000E+00 0.00000E+00 0.00000E+00 0.00000E+00 0.00000E+00 0.00000E+00 0.00000E+00 0.00000E+00 0.00000E+00 0.00000E+00 0.00000E+00 0.00000E+00 0.00000E+00 0.00000E+00 0.00000E+00 0.00000E+00 0.00000E+00 0.00000E+00 0.00000E+00 0.00000E+00 0.00000E+00 0.00000E+00 0.00000E+00 % lost data
1.31843E+12 6.34679E+19 7.09573E+19 9.32513E+19 1.03464E+20 1.11389E+20 1.16322E+20 1.15868E+20 1.15063E+20 1.14372E+20 1.13537E+20 1.12970E+20 1.12070E+20 1.11585E+20 1.11064E+20 1.10775E+20 1.10336E+20 1.09935E+20 1.09592E+20 1.09230E+20 1.09034E+20 1.08578E+20 1.08464E+20 1.08189E+20 1.08062E+20 1.07793E+20 1.07518E+20 1.07408E+20 1.12100E+20 1.10377E+20 1.09341E+20 1.08256E+20 1.07610E+20 1.06786E+20 1.06257E+20 1.05698E+20 1.05153E+20 1.04869E+20 1.04745E+20 1.04367E+20 1.04226E+20 1.03715E+20 1.03721E+20 1.03264E+20 1.03393E+20 1.03102E+20 1.03011E+20 1.02994E+20 1.02792E+20 1.02686E+20 1.02509E+20 1.02576E+20 1.02471E+20 1.02217E+20 1.02347E+20 1.02403E+20 1.02433E+20 1.02228E+20 1.02342E+20 1.02149E+20 1.02083E+20 1.02118E+20 1.02183E+20 1.01965E+20 1.01948E+20 1.02092E+20 1.02138E+20 1.01944E+20 1.01888E+20 1.02011E+20 1.01836E+20 1.01845E+20 % total
];

