
ZAI = [
666
0
];

NAMES = [
'lost            '
'total           '
];

iLOST    = 1;
iTOT     = 2;

MAT_fuelsalt_VOLUME = [ 1.36700E+07 1.36700E+07 1.36700E+07 1.36700E+07 1.36700E+07 1.36700E+07 1.36700E+07 1.36700E+07 1.36700E+07 1.36700E+07 1.36700E+07 1.36700E+07 1.36700E+07 1.36700E+07 1.36700E+07 1.36700E+07 1.36700E+07 1.36700E+07 1.36700E+07 1.36700E+07 1.36700E+07 1.36700E+07 1.36700E+07 1.36700E+07 1.36700E+07 1.36700E+07 1.36700E+07 1.36700E+07 1.36700E+07 1.36700E+07 1.36700E+07 1.36700E+07 1.36700E+07 1.36700E+07 1.36700E+07 1.36700E+07 1.36700E+07 1.36700E+07 1.36700E+07 1.36700E+07 1.36700E+07 1.36700E+07 1.36700E+07 1.36700E+07 1.36700E+07 1.36700E+07 1.36700E+07 1.36700E+07 1.36700E+07 1.36700E+07 1.36700E+07 1.36700E+07 1.36700E+07 1.36700E+07 1.36700E+07 1.36700E+07 1.36700E+07 1.36700E+07 1.36700E+07 1.36700E+07 1.36700E+07 1.36700E+07 1.36700E+07 1.36700E+07 1.36700E+07 1.36700E+07 1.36700E+07 1.36700E+07 1.36700E+07 1.36700E+07 1.36700E+07 1.36700E+07 ];

MAT_fuelsalt_BURNUP = [ 0.00000E+00 0.00000E+00 0.00000E+00 0.00000E+00 0.00000E+00 0.00000E+00 0.00000E+00 0.00000E+00 0.00000E+00 0.00000E+00 0.00000E+00 0.00000E+00 0.00000E+00 0.00000E+00 0.00000E+00 0.00000E+00 0.00000E+00 0.00000E+00 0.00000E+00 0.00000E+00 0.00000E+00 0.00000E+00 0.00000E+00 0.00000E+00 0.00000E+00 0.00000E+00 0.00000E+00 0.00000E+00 0.00000E+00 0.00000E+00 0.00000E+00 0.00000E+00 0.00000E+00 0.00000E+00 0.00000E+00 0.00000E+00 0.00000E+00 0.00000E+00 0.00000E+00 0.00000E+00 0.00000E+00 0.00000E+00 0.00000E+00 0.00000E+00 0.00000E+00 0.00000E+00 0.00000E+00 0.00000E+00 0.00000E+00 0.00000E+00 0.00000E+00 0.00000E+00 0.00000E+00 0.00000E+00 0.00000E+00 0.00000E+00 0.00000E+00 0.00000E+00 0.00000E+00 0.00000E+00 0.00000E+00 0.00000E+00 0.00000E+00 0.00000E+00 0.00000E+00 0.00000E+00 0.00000E+00 0.00000E+00 0.00000E+00 0.00000E+00 0.00000E+00 0.00000E+00 ];

MAT_fuelsalt_ADENS = [
0.00000E+00 5.15189E-17 1.02992E-16 2.47104E-15 7.40119E-15 1.72303E-14 3.45044E-14 5.13823E-14 6.80521E-14 8.46440E-14 1.00980E-13 1.17191E-13 1.33262E-13 1.49248E-13 1.65029E-13 1.80587E-13 1.96085E-13 2.11610E-13 2.26918E-13 2.42130E-13 2.57177E-13 2.72182E-13 2.87132E-13 3.02103E-13 3.16931E-13 3.31738E-13 3.46453E-13 3.61053E-13 4.23566E-13 4.84762E-13 5.45490E-13 6.05329E-13 6.65254E-13 7.24026E-13 7.82492E-13 8.40430E-13 8.99345E-13 9.57099E-13 1.01483E-12 1.07175E-12 1.12901E-12 1.18644E-12 1.24376E-12 1.30110E-12 1.35802E-12 1.41498E-12 1.47210E-12 1.52881E-12 1.58485E-12 1.64083E-12 1.69688E-12 1.75336E-12 1.81026E-12 1.86661E-12 1.92376E-12 1.97994E-12 2.03582E-12 2.09199E-12 2.14864E-12 2.20477E-12 2.26161E-12 2.31790E-12 2.37357E-12 2.43040E-12 2.48653E-12 2.54298E-12 2.59991E-12 2.65742E-12 2.71337E-12 2.76969E-12 2.82587E-12 2.88260E-12 % lost data
6.51224E-02 6.51224E-02 6.51224E-02 6.51224E-02 6.51225E-02 6.51227E-02 6.51230E-02 6.51232E-02 6.51235E-02 6.51238E-02 6.51241E-02 6.51243E-02 6.51246E-02 6.51249E-02 6.51252E-02 6.51254E-02 6.51257E-02 6.51260E-02 6.51263E-02 6.51265E-02 6.51268E-02 6.51271E-02 6.51274E-02 6.51276E-02 6.51279E-02 6.51282E-02 6.51285E-02 6.51287E-02 6.51299E-02 6.51311E-02 6.51323E-02 6.51335E-02 6.51346E-02 6.51358E-02 6.51369E-02 6.51381E-02 6.51392E-02 6.51404E-02 6.51415E-02 6.51426E-02 6.51437E-02 6.51448E-02 6.51459E-02 6.51470E-02 6.51481E-02 6.51492E-02 6.51503E-02 6.51513E-02 6.51524E-02 6.51534E-02 6.51545E-02 6.51555E-02 6.51566E-02 6.51576E-02 6.51586E-02 6.51596E-02 6.51606E-02 6.51616E-02 6.51626E-02 6.51636E-02 6.51646E-02 6.51655E-02 6.51665E-02 6.51675E-02 6.51684E-02 6.51694E-02 6.51703E-02 6.51712E-02 6.51721E-02 6.51731E-02 6.51740E-02 6.51749E-02 % total
];

MAT_fuelsalt_MDENS = [
0.00000E+00 0.00000E+00 0.00000E+00 0.00000E+00 0.00000E+00 0.00000E+00 0.00000E+00 0.00000E+00 0.00000E+00 0.00000E+00 0.00000E+00 0.00000E+00 0.00000E+00 0.00000E+00 0.00000E+00 0.00000E+00 0.00000E+00 0.00000E+00 0.00000E+00 0.00000E+00 0.00000E+00 0.00000E+00 0.00000E+00 0.00000E+00 0.00000E+00 0.00000E+00 0.00000E+00 0.00000E+00 0.00000E+00 0.00000E+00 0.00000E+00 0.00000E+00 0.00000E+00 0.00000E+00 0.00000E+00 0.00000E+00 0.00000E+00 0.00000E+00 0.00000E+00 0.00000E+00 0.00000E+00 0.00000E+00 0.00000E+00 0.00000E+00 0.00000E+00 0.00000E+00 0.00000E+00 0.00000E+00 0.00000E+00 0.00000E+00 0.00000E+00 0.00000E+00 0.00000E+00 0.00000E+00 0.00000E+00 0.00000E+00 0.00000E+00 0.00000E+00 0.00000E+00 0.00000E+00 0.00000E+00 0.00000E+00 0.00000E+00 0.00000E+00 0.00000E+00 0.00000E+00 0.00000E+00 0.00000E+00 0.00000E+00 0.00000E+00 0.00000E+00 0.00000E+00 % lost data
3.28019E+00 3.28019E+00 3.28019E+00 3.28018E+00 3.28015E+00 3.28009E+00 3.27999E+00 3.27989E+00 3.27979E+00 3.27969E+00 3.27959E+00 3.27949E+00 3.27938E+00 3.27928E+00 3.27918E+00 3.27908E+00 3.27898E+00 3.27888E+00 3.27879E+00 3.27869E+00 3.27859E+00 3.27849E+00 3.27839E+00 3.27829E+00 3.27820E+00 3.27810E+00 3.27800E+00 3.27791E+00 3.27749E+00 3.27708E+00 3.27667E+00 3.27626E+00 3.27586E+00 3.27547E+00 3.27507E+00 3.27468E+00 3.27430E+00 3.27392E+00 3.27354E+00 3.27316E+00 3.27279E+00 3.27242E+00 3.27205E+00 3.27169E+00 3.27133E+00 3.27097E+00 3.27062E+00 3.27026E+00 3.26991E+00 3.26957E+00 3.26922E+00 3.26888E+00 3.26854E+00 3.26821E+00 3.26787E+00 3.26754E+00 3.26722E+00 3.26689E+00 3.26657E+00 3.26625E+00 3.26593E+00 3.26561E+00 3.26530E+00 3.26499E+00 3.26468E+00 3.26437E+00 3.26406E+00 3.26376E+00 3.26346E+00 3.26316E+00 3.26287E+00 3.26258E+00 % total
];

MAT_fuelsalt_A = [
0.00000E+00 0.00000E+00 0.00000E+00 0.00000E+00 0.00000E+00 0.00000E+00 0.00000E+00 0.00000E+00 0.00000E+00 0.00000E+00 0.00000E+00 0.00000E+00 0.00000E+00 0.00000E+00 0.00000E+00 0.00000E+00 0.00000E+00 0.00000E+00 0.00000E+00 0.00000E+00 0.00000E+00 0.00000E+00 0.00000E+00 0.00000E+00 0.00000E+00 0.00000E+00 0.00000E+00 0.00000E+00 0.00000E+00 0.00000E+00 0.00000E+00 0.00000E+00 0.00000E+00 0.00000E+00 0.00000E+00 0.00000E+00 0.00000E+00 0.00000E+00 0.00000E+00 0.00000E+00 0.00000E+00 0.00000E+00 0.00000E+00 0.00000E+00 0.00000E+00 0.00000E+00 0.00000E+00 0.00000E+00 0.00000E+00 0.00000E+00 0.00000E+00 0.00000E+00 0.00000E+00 0.00000E+00 0.00000E+00 0.00000E+00 0.00000E+00 0.00000E+00 0.00000E+00 0.00000E+00 0.00000E+00 0.00000E+00 0.00000E+00 0.00000E+00 0.00000E+00 0.00000E+00 0.00000E+00 0.00000E+00 0.00000E+00 0.00000E+00 0.00000E+00 0.00000E+00 % lost data
1.31843E+12 6.34382E+19 7.09499E+19 9.28931E+19 1.02346E+20 1.09313E+20 1.13153E+20 1.14207E+20 1.14533E+20 1.15136E+20 1.15156E+20 1.15218E+20 1.15339E+20 1.15355E+20 1.15779E+20 1.16001E+20 1.15684E+20 1.15932E+20 1.15741E+20 1.15788E+20 1.15614E+20 1.15795E+20 1.15596E+20 1.15745E+20 1.15575E+20 1.15733E+20 1.16017E+20 1.15766E+20 1.17764E+20 1.17386E+20 1.17306E+20 1.17355E+20 1.16919E+20 1.16860E+20 1.16829E+20 1.16406E+20 1.16523E+20 1.16617E+20 1.16723E+20 1.16214E+20 1.16312E+20 1.16137E+20 1.16389E+20 1.16493E+20 1.16400E+20 1.16070E+20 1.16291E+20 1.16411E+20 1.16179E+20 1.16173E+20 1.16107E+20 1.15751E+20 1.16055E+20 1.15925E+20 1.16021E+20 1.15617E+20 1.15406E+20 1.15902E+20 1.15908E+20 1.15905E+20 1.15660E+20 1.15992E+20 1.15544E+20 1.15490E+20 1.15484E+20 1.15619E+20 1.15450E+20 1.15692E+20 1.15587E+20 1.15321E+20 1.15650E+20 1.15225E+20 % total
];

