
ZAI = [
666
0
];

NAMES = [
'lost            '
'total           '
];

iLOST    = 1;
iTOT     = 2;

MAT_fuelsalt_VOLUME = [ 1.36700E+07 1.36700E+07 1.36700E+07 1.36700E+07 1.36700E+07 1.36700E+07 1.36700E+07 1.36700E+07 1.36700E+07 1.36700E+07 1.36700E+07 1.36700E+07 1.36700E+07 1.36700E+07 1.36700E+07 1.36700E+07 1.36700E+07 1.36700E+07 1.36700E+07 1.36700E+07 1.36700E+07 1.36700E+07 1.36700E+07 1.36700E+07 1.36700E+07 1.36700E+07 1.36700E+07 1.36700E+07 1.36700E+07 1.36700E+07 1.36700E+07 1.36700E+07 1.36700E+07 1.36700E+07 1.36700E+07 1.36700E+07 1.36700E+07 1.36700E+07 1.36700E+07 1.36700E+07 1.36700E+07 1.36700E+07 1.36700E+07 1.36700E+07 1.36700E+07 1.36700E+07 1.36700E+07 1.36700E+07 1.36700E+07 1.36700E+07 1.36700E+07 1.36700E+07 1.36700E+07 1.36700E+07 1.36700E+07 1.36700E+07 1.36700E+07 1.36700E+07 1.36700E+07 1.36700E+07 1.36700E+07 1.36700E+07 1.36700E+07 1.36700E+07 1.36700E+07 1.36700E+07 1.36700E+07 1.36700E+07 1.36700E+07 1.36700E+07 1.36700E+07 1.36700E+07 ];

MAT_fuelsalt_BURNUP = [ 0.00000E+00 0.00000E+00 0.00000E+00 0.00000E+00 0.00000E+00 0.00000E+00 0.00000E+00 0.00000E+00 0.00000E+00 0.00000E+00 0.00000E+00 0.00000E+00 0.00000E+00 0.00000E+00 0.00000E+00 0.00000E+00 0.00000E+00 0.00000E+00 0.00000E+00 0.00000E+00 0.00000E+00 0.00000E+00 0.00000E+00 0.00000E+00 0.00000E+00 0.00000E+00 0.00000E+00 0.00000E+00 0.00000E+00 0.00000E+00 0.00000E+00 0.00000E+00 0.00000E+00 0.00000E+00 0.00000E+00 0.00000E+00 0.00000E+00 0.00000E+00 0.00000E+00 0.00000E+00 0.00000E+00 0.00000E+00 0.00000E+00 0.00000E+00 0.00000E+00 0.00000E+00 0.00000E+00 0.00000E+00 0.00000E+00 0.00000E+00 0.00000E+00 0.00000E+00 0.00000E+00 0.00000E+00 0.00000E+00 0.00000E+00 0.00000E+00 0.00000E+00 0.00000E+00 0.00000E+00 0.00000E+00 0.00000E+00 0.00000E+00 0.00000E+00 0.00000E+00 0.00000E+00 0.00000E+00 0.00000E+00 0.00000E+00 0.00000E+00 0.00000E+00 0.00000E+00 ];

MAT_fuelsalt_ADENS = [
0.00000E+00 5.37805E-17 1.07707E-16 2.58032E-15 7.77612E-15 1.81208E-14 3.62086E-14 5.39996E-14 7.15182E-14 8.87807E-14 1.05907E-13 1.22696E-13 1.39482E-13 1.56114E-13 1.72598E-13 1.88866E-13 2.05157E-13 2.21352E-13 2.37544E-13 2.53622E-13 2.69685E-13 2.85727E-13 3.01711E-13 3.17669E-13 3.33582E-13 3.49473E-13 3.65188E-13 3.81011E-13 4.49211E-13 5.17067E-13 5.85097E-13 6.52605E-13 7.19949E-13 7.86719E-13 8.53678E-13 9.20065E-13 9.86834E-13 1.05381E-12 1.12019E-12 1.18643E-12 1.25311E-12 1.31971E-12 1.38669E-12 1.45348E-12 1.51965E-12 1.58635E-12 1.65267E-12 1.71866E-12 1.78499E-12 1.85162E-12 1.91811E-12 1.98453E-12 2.05087E-12 2.11716E-12 2.18322E-12 2.24946E-12 2.31572E-12 2.38202E-12 2.44849E-12 2.51501E-12 2.58153E-12 2.64858E-12 2.71474E-12 2.78044E-12 2.84701E-12 2.91338E-12 2.97964E-12 3.04601E-12 3.11275E-12 3.17925E-12 3.24583E-12 3.31253E-12 % lost data
7.97438E-02 7.97438E-02 7.97438E-02 7.97438E-02 7.97439E-02 7.97441E-02 7.97443E-02 7.97446E-02 7.97448E-02 7.97450E-02 7.97452E-02 7.97454E-02 7.97456E-02 7.97458E-02 7.97460E-02 7.97462E-02 7.97464E-02 7.97466E-02 7.97467E-02 7.97469E-02 7.97471E-02 7.97472E-02 7.97474E-02 7.97475E-02 7.97476E-02 7.97478E-02 7.97479E-02 7.97480E-02 7.97485E-02 7.97489E-02 7.97493E-02 7.97496E-02 7.97499E-02 7.97501E-02 7.97503E-02 7.97505E-02 7.97506E-02 7.97508E-02 7.97509E-02 7.97509E-02 7.97510E-02 7.97511E-02 7.97511E-02 7.97512E-02 7.97512E-02 7.97513E-02 7.97513E-02 7.97513E-02 7.97513E-02 7.97514E-02 7.97514E-02 7.97514E-02 7.97514E-02 7.97514E-02 7.97514E-02 7.97514E-02 7.97514E-02 7.97514E-02 7.97514E-02 7.97514E-02 7.97515E-02 7.97515E-02 7.97515E-02 7.97515E-02 7.97515E-02 7.97515E-02 7.97515E-02 7.97515E-02 7.97515E-02 7.97515E-02 7.97515E-02 7.97515E-02 % total
];

MAT_fuelsalt_MDENS = [
0.00000E+00 0.00000E+00 0.00000E+00 0.00000E+00 0.00000E+00 0.00000E+00 0.00000E+00 0.00000E+00 0.00000E+00 0.00000E+00 0.00000E+00 0.00000E+00 0.00000E+00 0.00000E+00 0.00000E+00 0.00000E+00 0.00000E+00 0.00000E+00 0.00000E+00 0.00000E+00 0.00000E+00 0.00000E+00 0.00000E+00 0.00000E+00 0.00000E+00 0.00000E+00 0.00000E+00 0.00000E+00 0.00000E+00 0.00000E+00 0.00000E+00 0.00000E+00 0.00000E+00 0.00000E+00 0.00000E+00 0.00000E+00 0.00000E+00 0.00000E+00 0.00000E+00 0.00000E+00 0.00000E+00 0.00000E+00 0.00000E+00 0.00000E+00 0.00000E+00 0.00000E+00 0.00000E+00 0.00000E+00 0.00000E+00 0.00000E+00 0.00000E+00 0.00000E+00 0.00000E+00 0.00000E+00 0.00000E+00 0.00000E+00 0.00000E+00 0.00000E+00 0.00000E+00 0.00000E+00 0.00000E+00 0.00000E+00 0.00000E+00 0.00000E+00 0.00000E+00 0.00000E+00 0.00000E+00 0.00000E+00 0.00000E+00 0.00000E+00 0.00000E+00 0.00000E+00 % lost data
3.35931E+00 3.35931E+00 3.35931E+00 3.35930E+00 3.35927E+00 3.35920E+00 3.35909E+00 3.35898E+00 3.35887E+00 3.35877E+00 3.35867E+00 3.35857E+00 3.35848E+00 3.35839E+00 3.35831E+00 3.35823E+00 3.35815E+00 3.35807E+00 3.35800E+00 3.35793E+00 3.35786E+00 3.35779E+00 3.35773E+00 3.35767E+00 3.35761E+00 3.35755E+00 3.35750E+00 3.35744E+00 3.35723E+00 3.35705E+00 3.35689E+00 3.35676E+00 3.35665E+00 3.35656E+00 3.35647E+00 3.35640E+00 3.35635E+00 3.35629E+00 3.35625E+00 3.35622E+00 3.35618E+00 3.35616E+00 3.35613E+00 3.35611E+00 3.35610E+00 3.35608E+00 3.35607E+00 3.35606E+00 3.35605E+00 3.35604E+00 3.35604E+00 3.35603E+00 3.35603E+00 3.35602E+00 3.35602E+00 3.35602E+00 3.35602E+00 3.35601E+00 3.35601E+00 3.35601E+00 3.35601E+00 3.35601E+00 3.35601E+00 3.35601E+00 3.35600E+00 3.35600E+00 3.35600E+00 3.35600E+00 3.35600E+00 3.35600E+00 3.35600E+00 3.35600E+00 % total
];

MAT_fuelsalt_A = [
0.00000E+00 0.00000E+00 0.00000E+00 0.00000E+00 0.00000E+00 0.00000E+00 0.00000E+00 0.00000E+00 0.00000E+00 0.00000E+00 0.00000E+00 0.00000E+00 0.00000E+00 0.00000E+00 0.00000E+00 0.00000E+00 0.00000E+00 0.00000E+00 0.00000E+00 0.00000E+00 0.00000E+00 0.00000E+00 0.00000E+00 0.00000E+00 0.00000E+00 0.00000E+00 0.00000E+00 0.00000E+00 0.00000E+00 0.00000E+00 0.00000E+00 0.00000E+00 0.00000E+00 0.00000E+00 0.00000E+00 0.00000E+00 0.00000E+00 0.00000E+00 0.00000E+00 0.00000E+00 0.00000E+00 0.00000E+00 0.00000E+00 0.00000E+00 0.00000E+00 0.00000E+00 0.00000E+00 0.00000E+00 0.00000E+00 0.00000E+00 0.00000E+00 0.00000E+00 0.00000E+00 0.00000E+00 0.00000E+00 0.00000E+00 0.00000E+00 0.00000E+00 0.00000E+00 0.00000E+00 0.00000E+00 0.00000E+00 0.00000E+00 0.00000E+00 0.00000E+00 0.00000E+00 0.00000E+00 0.00000E+00 0.00000E+00 0.00000E+00 0.00000E+00 0.00000E+00 % lost data
1.15956E+12 6.25471E+19 7.05587E+19 9.15709E+19 1.01080E+20 1.08947E+20 1.13755E+20 1.14006E+20 1.13703E+20 1.13550E+20 1.13072E+20 1.12613E+20 1.12354E+20 1.12103E+20 1.11739E+20 1.11009E+20 1.11352E+20 1.10969E+20 1.10738E+20 1.10474E+20 1.10047E+20 1.09975E+20 1.09842E+20 1.09888E+20 1.09864E+20 1.09686E+20 1.09539E+20 1.09153E+20 1.11804E+20 1.11039E+20 1.10333E+20 1.09812E+20 1.09277E+20 1.08935E+20 1.08553E+20 1.08402E+20 1.08055E+20 1.07696E+20 1.08129E+20 1.07181E+20 1.07315E+20 1.07213E+20 1.06854E+20 1.07311E+20 1.07323E+20 1.06986E+20 1.06948E+20 1.07089E+20 1.06548E+20 1.06897E+20 1.06706E+20 1.06854E+20 1.06935E+20 1.06715E+20 1.07059E+20 1.07077E+20 1.06805E+20 1.06896E+20 1.06449E+20 1.06832E+20 1.06621E+20 1.06839E+20 1.06862E+20 1.06625E+20 1.06724E+20 1.06563E+20 1.06771E+20 1.06767E+20 1.06630E+20 1.06667E+20 1.06712E+20 1.06698E+20 % total
];

