
ZAI = [
666
0
];

NAMES = [
'lost            '
'total           '
];

iLOST    = 1;
iTOT     = 2;

MAT_fuelsalt_VOLUME = [ 1.36700E+07 1.36700E+07 1.36700E+07 1.36700E+07 1.36700E+07 1.36700E+07 1.36700E+07 1.36700E+07 1.36700E+07 1.36700E+07 1.36700E+07 1.36700E+07 1.36700E+07 1.36700E+07 1.36700E+07 1.36700E+07 1.36700E+07 1.36700E+07 1.36700E+07 1.36700E+07 1.36700E+07 1.36700E+07 1.36700E+07 1.36700E+07 1.36700E+07 1.36700E+07 1.36700E+07 1.36700E+07 1.36700E+07 1.36700E+07 1.36700E+07 1.36700E+07 1.36700E+07 1.36700E+07 1.36700E+07 1.36700E+07 1.36700E+07 1.36700E+07 1.36700E+07 1.36700E+07 1.36700E+07 1.36700E+07 1.36700E+07 1.36700E+07 1.36700E+07 1.36700E+07 1.36700E+07 1.36700E+07 1.36700E+07 1.36700E+07 1.36700E+07 1.36700E+07 1.36700E+07 1.36700E+07 1.36700E+07 1.36700E+07 1.36700E+07 1.36700E+07 1.36700E+07 1.36700E+07 1.36700E+07 1.36700E+07 1.36700E+07 1.36700E+07 1.36700E+07 1.36700E+07 1.36700E+07 1.36700E+07 1.36700E+07 1.36700E+07 1.36700E+07 1.36700E+07 ];

MAT_fuelsalt_BURNUP = [ 0.00000E+00 0.00000E+00 0.00000E+00 0.00000E+00 0.00000E+00 0.00000E+00 0.00000E+00 0.00000E+00 0.00000E+00 0.00000E+00 0.00000E+00 0.00000E+00 0.00000E+00 0.00000E+00 0.00000E+00 0.00000E+00 0.00000E+00 0.00000E+00 0.00000E+00 0.00000E+00 0.00000E+00 0.00000E+00 0.00000E+00 0.00000E+00 0.00000E+00 0.00000E+00 0.00000E+00 0.00000E+00 0.00000E+00 0.00000E+00 0.00000E+00 0.00000E+00 0.00000E+00 0.00000E+00 0.00000E+00 0.00000E+00 0.00000E+00 0.00000E+00 0.00000E+00 0.00000E+00 0.00000E+00 0.00000E+00 0.00000E+00 0.00000E+00 0.00000E+00 0.00000E+00 0.00000E+00 0.00000E+00 0.00000E+00 0.00000E+00 0.00000E+00 0.00000E+00 0.00000E+00 0.00000E+00 0.00000E+00 0.00000E+00 0.00000E+00 0.00000E+00 0.00000E+00 0.00000E+00 0.00000E+00 0.00000E+00 0.00000E+00 0.00000E+00 0.00000E+00 0.00000E+00 0.00000E+00 0.00000E+00 0.00000E+00 0.00000E+00 0.00000E+00 0.00000E+00 ];

MAT_fuelsalt_ADENS = [
0.00000E+00 5.13589E-17 1.02667E-16 2.46969E-15 7.42141E-15 1.72661E-14 3.43978E-14 5.13923E-14 6.81791E-14 8.46868E-14 1.00960E-13 1.17262E-13 1.33365E-13 1.49384E-13 1.65115E-13 1.80759E-13 1.96281E-13 2.11780E-13 2.27079E-13 2.42322E-13 2.57399E-13 2.72394E-13 2.87462E-13 3.02268E-13 3.17030E-13 3.31751E-13 3.46520E-13 3.61119E-13 4.23320E-13 4.84925E-13 5.46104E-13 6.05951E-13 6.66144E-13 7.25728E-13 7.84879E-13 8.43758E-13 9.01353E-13 9.59513E-13 1.01740E-12 1.07506E-12 1.13243E-12 1.18937E-12 1.24664E-12 1.30419E-12 1.36074E-12 1.41733E-12 1.47445E-12 1.53102E-12 1.58818E-12 1.64509E-12 1.70113E-12 1.75761E-12 1.81446E-12 1.87166E-12 1.92773E-12 1.98473E-12 2.04140E-12 2.09786E-12 2.15466E-12 2.21086E-12 2.26712E-12 2.32352E-12 2.38076E-12 2.43669E-12 2.49365E-12 2.55035E-12 2.60719E-12 2.66326E-12 2.71979E-12 2.77680E-12 2.83263E-12 2.88914E-12 % lost data
6.51224E-02 6.51224E-02 6.51224E-02 6.51224E-02 6.51225E-02 6.51227E-02 6.51230E-02 6.51232E-02 6.51235E-02 6.51238E-02 6.51241E-02 6.51243E-02 6.51246E-02 6.51249E-02 6.51252E-02 6.51254E-02 6.51257E-02 6.51260E-02 6.51263E-02 6.51265E-02 6.51268E-02 6.51271E-02 6.51274E-02 6.51276E-02 6.51279E-02 6.51282E-02 6.51285E-02 6.51287E-02 6.51299E-02 6.51311E-02 6.51323E-02 6.51334E-02 6.51346E-02 6.51357E-02 6.51369E-02 6.51380E-02 6.51391E-02 6.51402E-02 6.51414E-02 6.51425E-02 6.51436E-02 6.51447E-02 6.51457E-02 6.51468E-02 6.51479E-02 6.51489E-02 6.51500E-02 6.51510E-02 6.51521E-02 6.51531E-02 6.51541E-02 6.51551E-02 6.51561E-02 6.51571E-02 6.51581E-02 6.51591E-02 6.51601E-02 6.51611E-02 6.51620E-02 6.51630E-02 6.51639E-02 6.51649E-02 6.51658E-02 6.51667E-02 6.51676E-02 6.51685E-02 6.51695E-02 6.51703E-02 6.51712E-02 6.51721E-02 6.51730E-02 6.51739E-02 % total
];

MAT_fuelsalt_MDENS = [
0.00000E+00 0.00000E+00 0.00000E+00 0.00000E+00 0.00000E+00 0.00000E+00 0.00000E+00 0.00000E+00 0.00000E+00 0.00000E+00 0.00000E+00 0.00000E+00 0.00000E+00 0.00000E+00 0.00000E+00 0.00000E+00 0.00000E+00 0.00000E+00 0.00000E+00 0.00000E+00 0.00000E+00 0.00000E+00 0.00000E+00 0.00000E+00 0.00000E+00 0.00000E+00 0.00000E+00 0.00000E+00 0.00000E+00 0.00000E+00 0.00000E+00 0.00000E+00 0.00000E+00 0.00000E+00 0.00000E+00 0.00000E+00 0.00000E+00 0.00000E+00 0.00000E+00 0.00000E+00 0.00000E+00 0.00000E+00 0.00000E+00 0.00000E+00 0.00000E+00 0.00000E+00 0.00000E+00 0.00000E+00 0.00000E+00 0.00000E+00 0.00000E+00 0.00000E+00 0.00000E+00 0.00000E+00 0.00000E+00 0.00000E+00 0.00000E+00 0.00000E+00 0.00000E+00 0.00000E+00 0.00000E+00 0.00000E+00 0.00000E+00 0.00000E+00 0.00000E+00 0.00000E+00 0.00000E+00 0.00000E+00 0.00000E+00 0.00000E+00 0.00000E+00 0.00000E+00 % lost data
3.28019E+00 3.28019E+00 3.28019E+00 3.28018E+00 3.28015E+00 3.28009E+00 3.27999E+00 3.27989E+00 3.27979E+00 3.27969E+00 3.27959E+00 3.27948E+00 3.27938E+00 3.27928E+00 3.27918E+00 3.27908E+00 3.27898E+00 3.27888E+00 3.27878E+00 3.27868E+00 3.27858E+00 3.27849E+00 3.27839E+00 3.27829E+00 3.27819E+00 3.27810E+00 3.27800E+00 3.27790E+00 3.27748E+00 3.27707E+00 3.27666E+00 3.27626E+00 3.27586E+00 3.27547E+00 3.27508E+00 3.27469E+00 3.27431E+00 3.27393E+00 3.27355E+00 3.27318E+00 3.27281E+00 3.27244E+00 3.27208E+00 3.27172E+00 3.27136E+00 3.27101E+00 3.27066E+00 3.27031E+00 3.26997E+00 3.26962E+00 3.26929E+00 3.26895E+00 3.26862E+00 3.26829E+00 3.26796E+00 3.26764E+00 3.26731E+00 3.26700E+00 3.26668E+00 3.26637E+00 3.26605E+00 3.26575E+00 3.26544E+00 3.26514E+00 3.26483E+00 3.26454E+00 3.26424E+00 3.26395E+00 3.26366E+00 3.26337E+00 3.26308E+00 3.26280E+00 % total
];

MAT_fuelsalt_A = [
0.00000E+00 0.00000E+00 0.00000E+00 0.00000E+00 0.00000E+00 0.00000E+00 0.00000E+00 0.00000E+00 0.00000E+00 0.00000E+00 0.00000E+00 0.00000E+00 0.00000E+00 0.00000E+00 0.00000E+00 0.00000E+00 0.00000E+00 0.00000E+00 0.00000E+00 0.00000E+00 0.00000E+00 0.00000E+00 0.00000E+00 0.00000E+00 0.00000E+00 0.00000E+00 0.00000E+00 0.00000E+00 0.00000E+00 0.00000E+00 0.00000E+00 0.00000E+00 0.00000E+00 0.00000E+00 0.00000E+00 0.00000E+00 0.00000E+00 0.00000E+00 0.00000E+00 0.00000E+00 0.00000E+00 0.00000E+00 0.00000E+00 0.00000E+00 0.00000E+00 0.00000E+00 0.00000E+00 0.00000E+00 0.00000E+00 0.00000E+00 0.00000E+00 0.00000E+00 0.00000E+00 0.00000E+00 0.00000E+00 0.00000E+00 0.00000E+00 0.00000E+00 0.00000E+00 0.00000E+00 0.00000E+00 0.00000E+00 0.00000E+00 0.00000E+00 0.00000E+00 0.00000E+00 0.00000E+00 0.00000E+00 0.00000E+00 0.00000E+00 0.00000E+00 0.00000E+00 % lost data
1.31843E+12 6.34363E+19 7.09854E+19 9.29329E+19 1.02290E+20 1.09140E+20 1.13289E+20 1.14333E+20 1.14757E+20 1.14954E+20 1.15314E+20 1.15308E+20 1.15349E+20 1.15537E+20 1.16008E+20 1.15837E+20 1.15498E+20 1.15264E+20 1.15733E+20 1.15591E+20 1.15563E+20 1.15633E+20 1.15680E+20 1.15580E+20 1.15766E+20 1.15658E+20 1.15635E+20 1.15760E+20 1.17680E+20 1.17168E+20 1.17058E+20 1.17267E+20 1.16969E+20 1.16734E+20 1.16549E+20 1.16368E+20 1.16308E+20 1.16362E+20 1.16419E+20 1.16007E+20 1.16084E+20 1.15875E+20 1.16112E+20 1.15746E+20 1.15898E+20 1.15945E+20 1.15570E+20 1.15559E+20 1.15278E+20 1.15397E+20 1.15719E+20 1.15156E+20 1.15484E+20 1.15600E+20 1.15575E+20 1.15323E+20 1.15124E+20 1.14615E+20 1.15510E+20 1.14848E+20 1.15161E+20 1.14748E+20 1.15181E+20 1.15005E+20 1.14963E+20 1.15158E+20 1.15344E+20 1.14744E+20 1.15077E+20 1.14836E+20 1.14694E+20 1.14666E+20 % total
];

