
ZAI = [
666
0
];

NAMES = [
'lost            '
'total           '
];

iLOST    = 1;
iTOT     = 2;

MAT_fuelsalt_VOLUME = [ 1.36700E+07 1.36700E+07 1.36700E+07 1.36700E+07 1.36700E+07 1.36700E+07 1.36700E+07 1.36700E+07 1.36700E+07 1.36700E+07 1.36700E+07 1.36700E+07 1.36700E+07 1.36700E+07 1.36700E+07 1.36700E+07 1.36700E+07 1.36700E+07 1.36700E+07 1.36700E+07 1.36700E+07 1.36700E+07 1.36700E+07 1.36700E+07 1.36700E+07 1.36700E+07 1.36700E+07 1.36700E+07 1.36700E+07 1.36700E+07 1.36700E+07 1.36700E+07 1.36700E+07 1.36700E+07 1.36700E+07 1.36700E+07 1.36700E+07 1.36700E+07 1.36700E+07 1.36700E+07 1.36700E+07 1.36700E+07 1.36700E+07 1.36700E+07 1.36700E+07 1.36700E+07 1.36700E+07 1.36700E+07 1.36700E+07 1.36700E+07 1.36700E+07 1.36700E+07 1.36700E+07 1.36700E+07 1.36700E+07 1.36700E+07 1.36700E+07 1.36700E+07 1.36700E+07 1.36700E+07 1.36700E+07 1.36700E+07 1.36700E+07 1.36700E+07 1.36700E+07 1.36700E+07 1.36700E+07 1.36700E+07 1.36700E+07 1.36700E+07 1.36700E+07 1.36700E+07 ];

MAT_fuelsalt_BURNUP = [ 0.00000E+00 0.00000E+00 0.00000E+00 0.00000E+00 0.00000E+00 0.00000E+00 0.00000E+00 0.00000E+00 0.00000E+00 0.00000E+00 0.00000E+00 0.00000E+00 0.00000E+00 0.00000E+00 0.00000E+00 0.00000E+00 0.00000E+00 0.00000E+00 0.00000E+00 0.00000E+00 0.00000E+00 0.00000E+00 0.00000E+00 0.00000E+00 0.00000E+00 0.00000E+00 0.00000E+00 0.00000E+00 0.00000E+00 0.00000E+00 0.00000E+00 0.00000E+00 0.00000E+00 0.00000E+00 0.00000E+00 0.00000E+00 0.00000E+00 0.00000E+00 0.00000E+00 0.00000E+00 0.00000E+00 0.00000E+00 0.00000E+00 0.00000E+00 0.00000E+00 0.00000E+00 0.00000E+00 0.00000E+00 0.00000E+00 0.00000E+00 0.00000E+00 0.00000E+00 0.00000E+00 0.00000E+00 0.00000E+00 0.00000E+00 0.00000E+00 0.00000E+00 0.00000E+00 0.00000E+00 0.00000E+00 0.00000E+00 0.00000E+00 0.00000E+00 0.00000E+00 0.00000E+00 0.00000E+00 0.00000E+00 0.00000E+00 0.00000E+00 0.00000E+00 0.00000E+00 ];

MAT_fuelsalt_ADENS = [
0.00000E+00 5.38739E-17 1.07360E-16 2.59628E-15 7.78120E-15 1.81001E-14 3.61241E-14 5.38839E-14 7.13137E-14 8.85551E-14 1.05403E-13 1.22106E-13 1.38684E-13 1.55026E-13 1.71130E-13 1.87259E-13 2.03056E-13 2.18839E-13 2.34491E-13 2.50069E-13 2.65529E-13 2.80950E-13 2.96274E-13 3.11678E-13 3.26930E-13 3.42124E-13 3.57134E-13 3.72011E-13 4.36184E-13 4.99640E-13 5.62093E-13 6.24413E-13 6.85984E-13 7.47279E-13 8.08593E-13 8.69490E-13 9.29563E-13 9.90112E-13 1.05072E-12 1.11015E-12 1.17031E-12 1.23132E-12 1.29136E-12 1.35125E-12 1.41158E-12 1.47149E-12 1.53089E-12 1.59039E-12 1.65011E-12 1.70977E-12 1.76985E-12 1.82927E-12 1.88985E-12 1.94965E-12 2.00891E-12 2.06855E-12 2.12864E-12 2.18824E-12 2.24739E-12 2.30719E-12 2.36706E-12 2.42690E-12 2.48644E-12 2.54630E-12 2.60675E-12 2.66602E-12 2.72620E-12 2.78645E-12 2.84637E-12 2.90699E-12 2.96706E-12 3.02720E-12 % lost data
7.97438E-02 7.97438E-02 7.97438E-02 7.97438E-02 7.97439E-02 7.97441E-02 7.97443E-02 7.97446E-02 7.97448E-02 7.97451E-02 7.97454E-02 7.97456E-02 7.97459E-02 7.97461E-02 7.97464E-02 7.97467E-02 7.97469E-02 7.97472E-02 7.97474E-02 7.97477E-02 7.97480E-02 7.97482E-02 7.97485E-02 7.97488E-02 7.97490E-02 7.97493E-02 7.97495E-02 7.97498E-02 7.97510E-02 7.97521E-02 7.97533E-02 7.97544E-02 7.97555E-02 7.97567E-02 7.97578E-02 7.97589E-02 7.97601E-02 7.97612E-02 7.97623E-02 7.97634E-02 7.97645E-02 7.97656E-02 7.97667E-02 7.97677E-02 7.97688E-02 7.97699E-02 7.97710E-02 7.97720E-02 7.97731E-02 7.97741E-02 7.97752E-02 7.97762E-02 7.97772E-02 7.97783E-02 7.97793E-02 7.97803E-02 7.97813E-02 7.97823E-02 7.97833E-02 7.97843E-02 7.97853E-02 7.97863E-02 7.97872E-02 7.97882E-02 7.97892E-02 7.97901E-02 7.97911E-02 7.97920E-02 7.97929E-02 7.97939E-02 7.97948E-02 7.97957E-02 % total
];

MAT_fuelsalt_MDENS = [
0.00000E+00 0.00000E+00 0.00000E+00 0.00000E+00 0.00000E+00 0.00000E+00 0.00000E+00 0.00000E+00 0.00000E+00 0.00000E+00 0.00000E+00 0.00000E+00 0.00000E+00 0.00000E+00 0.00000E+00 0.00000E+00 0.00000E+00 0.00000E+00 0.00000E+00 0.00000E+00 0.00000E+00 0.00000E+00 0.00000E+00 0.00000E+00 0.00000E+00 0.00000E+00 0.00000E+00 0.00000E+00 0.00000E+00 0.00000E+00 0.00000E+00 0.00000E+00 0.00000E+00 0.00000E+00 0.00000E+00 0.00000E+00 0.00000E+00 0.00000E+00 0.00000E+00 0.00000E+00 0.00000E+00 0.00000E+00 0.00000E+00 0.00000E+00 0.00000E+00 0.00000E+00 0.00000E+00 0.00000E+00 0.00000E+00 0.00000E+00 0.00000E+00 0.00000E+00 0.00000E+00 0.00000E+00 0.00000E+00 0.00000E+00 0.00000E+00 0.00000E+00 0.00000E+00 0.00000E+00 0.00000E+00 0.00000E+00 0.00000E+00 0.00000E+00 0.00000E+00 0.00000E+00 0.00000E+00 0.00000E+00 0.00000E+00 0.00000E+00 0.00000E+00 0.00000E+00 % lost data
3.35931E+00 3.35931E+00 3.35931E+00 3.35930E+00 3.35927E+00 3.35922E+00 3.35911E+00 3.35901E+00 3.35890E+00 3.35880E+00 3.35870E+00 3.35859E+00 3.35849E+00 3.35839E+00 3.35828E+00 3.35818E+00 3.35808E+00 3.35798E+00 3.35788E+00 3.35777E+00 3.35767E+00 3.35757E+00 3.35747E+00 3.35737E+00 3.35727E+00 3.35717E+00 3.35707E+00 3.35697E+00 3.35654E+00 3.35612E+00 3.35570E+00 3.35528E+00 3.35486E+00 3.35445E+00 3.35405E+00 3.35364E+00 3.35324E+00 3.35284E+00 3.35245E+00 3.35206E+00 3.35167E+00 3.35128E+00 3.35090E+00 3.35052E+00 3.35014E+00 3.34977E+00 3.34939E+00 3.34902E+00 3.34865E+00 3.34829E+00 3.34793E+00 3.34757E+00 3.34721E+00 3.34685E+00 3.34650E+00 3.34615E+00 3.34580E+00 3.34545E+00 3.34511E+00 3.34477E+00 3.34443E+00 3.34409E+00 3.34376E+00 3.34342E+00 3.34309E+00 3.34276E+00 3.34244E+00 3.34211E+00 3.34179E+00 3.34147E+00 3.34115E+00 3.34083E+00 % total
];

MAT_fuelsalt_A = [
0.00000E+00 0.00000E+00 0.00000E+00 0.00000E+00 0.00000E+00 0.00000E+00 0.00000E+00 0.00000E+00 0.00000E+00 0.00000E+00 0.00000E+00 0.00000E+00 0.00000E+00 0.00000E+00 0.00000E+00 0.00000E+00 0.00000E+00 0.00000E+00 0.00000E+00 0.00000E+00 0.00000E+00 0.00000E+00 0.00000E+00 0.00000E+00 0.00000E+00 0.00000E+00 0.00000E+00 0.00000E+00 0.00000E+00 0.00000E+00 0.00000E+00 0.00000E+00 0.00000E+00 0.00000E+00 0.00000E+00 0.00000E+00 0.00000E+00 0.00000E+00 0.00000E+00 0.00000E+00 0.00000E+00 0.00000E+00 0.00000E+00 0.00000E+00 0.00000E+00 0.00000E+00 0.00000E+00 0.00000E+00 0.00000E+00 0.00000E+00 0.00000E+00 0.00000E+00 0.00000E+00 0.00000E+00 0.00000E+00 0.00000E+00 0.00000E+00 0.00000E+00 0.00000E+00 0.00000E+00 0.00000E+00 0.00000E+00 0.00000E+00 0.00000E+00 0.00000E+00 0.00000E+00 0.00000E+00 0.00000E+00 0.00000E+00 0.00000E+00 0.00000E+00 0.00000E+00 % lost data
1.15956E+12 6.24674E+19 7.05226E+19 9.12370E+19 1.00558E+20 1.08151E+20 1.13073E+20 1.13758E+20 1.14132E+20 1.14031E+20 1.14313E+20 1.14448E+20 1.14163E+20 1.14494E+20 1.14504E+20 1.14710E+20 1.14151E+20 1.14250E+20 1.14247E+20 1.14159E+20 1.14345E+20 1.13918E+20 1.14082E+20 1.14005E+20 1.14271E+20 1.14052E+20 1.14082E+20 1.14131E+20 1.16911E+20 1.16935E+20 1.16521E+20 1.15861E+20 1.16090E+20 1.15580E+20 1.15468E+20 1.15452E+20 1.15299E+20 1.15096E+20 1.15119E+20 1.14586E+20 1.14679E+20 1.14283E+20 1.14810E+20 1.14057E+20 1.14318E+20 1.14318E+20 1.14429E+20 1.14179E+20 1.13886E+20 1.14048E+20 1.14000E+20 1.14131E+20 1.13668E+20 1.13502E+20 1.13459E+20 1.13496E+20 1.13448E+20 1.13478E+20 1.12966E+20 1.13494E+20 1.12995E+20 1.12903E+20 1.13000E+20 1.13324E+20 1.13204E+20 1.12748E+20 1.13103E+20 1.12799E+20 1.12965E+20 1.12897E+20 1.12987E+20 1.12383E+20 % total
];

