
ZAI = [
666
0
];

NAMES = [
'lost            '
'total           '
];

iLOST    = 1;
iTOT     = 2;

MAT_fuelsalt_VOLUME = [ 1.36700E+07 1.36700E+07 1.36700E+07 1.36700E+07 1.36700E+07 1.36700E+07 1.36700E+07 1.36700E+07 1.36700E+07 1.36700E+07 1.36700E+07 1.36700E+07 1.36700E+07 1.36700E+07 1.36700E+07 1.36700E+07 1.36700E+07 1.36700E+07 1.36700E+07 1.36700E+07 1.36700E+07 1.36700E+07 1.36700E+07 1.36700E+07 1.36700E+07 1.36700E+07 1.36700E+07 1.36700E+07 1.36700E+07 1.36700E+07 1.36700E+07 1.36700E+07 1.36700E+07 1.36700E+07 1.36700E+07 1.36700E+07 1.36700E+07 1.36700E+07 1.36700E+07 1.36700E+07 1.36700E+07 1.36700E+07 1.36700E+07 1.36700E+07 1.36700E+07 1.36700E+07 1.36700E+07 1.36700E+07 1.36700E+07 1.36700E+07 1.36700E+07 1.36700E+07 1.36700E+07 1.36700E+07 1.36700E+07 1.36700E+07 1.36700E+07 1.36700E+07 1.36700E+07 1.36700E+07 1.36700E+07 1.36700E+07 1.36700E+07 1.36700E+07 1.36700E+07 1.36700E+07 1.36700E+07 1.36700E+07 1.36700E+07 1.36700E+07 1.36700E+07 1.36700E+07 ];

MAT_fuelsalt_BURNUP = [ 0.00000E+00 0.00000E+00 0.00000E+00 0.00000E+00 0.00000E+00 0.00000E+00 0.00000E+00 0.00000E+00 0.00000E+00 0.00000E+00 0.00000E+00 0.00000E+00 0.00000E+00 0.00000E+00 0.00000E+00 0.00000E+00 0.00000E+00 0.00000E+00 0.00000E+00 0.00000E+00 0.00000E+00 0.00000E+00 0.00000E+00 0.00000E+00 0.00000E+00 0.00000E+00 0.00000E+00 0.00000E+00 0.00000E+00 0.00000E+00 0.00000E+00 0.00000E+00 0.00000E+00 0.00000E+00 0.00000E+00 0.00000E+00 0.00000E+00 0.00000E+00 0.00000E+00 0.00000E+00 0.00000E+00 0.00000E+00 0.00000E+00 0.00000E+00 0.00000E+00 0.00000E+00 0.00000E+00 0.00000E+00 0.00000E+00 0.00000E+00 0.00000E+00 0.00000E+00 0.00000E+00 0.00000E+00 0.00000E+00 0.00000E+00 0.00000E+00 0.00000E+00 0.00000E+00 0.00000E+00 0.00000E+00 0.00000E+00 0.00000E+00 0.00000E+00 0.00000E+00 0.00000E+00 0.00000E+00 0.00000E+00 0.00000E+00 0.00000E+00 0.00000E+00 0.00000E+00 ];

MAT_fuelsalt_ADENS = [
0.00000E+00 5.14843E-17 1.03062E-16 2.46958E-15 7.41390E-15 1.73370E-14 3.45089E-14 5.15175E-14 6.81288E-14 8.46703E-14 1.01008E-13 1.17163E-13 1.33245E-13 1.49216E-13 1.65044E-13 1.80620E-13 1.96194E-13 2.11576E-13 2.26867E-13 2.42018E-13 2.57227E-13 2.72257E-13 2.87170E-13 3.02006E-13 3.17016E-13 3.31853E-13 3.46488E-13 3.61186E-13 4.23829E-13 4.85372E-13 5.46860E-13 6.07683E-13 6.67776E-13 7.26998E-13 7.85995E-13 8.45123E-13 9.03415E-13 9.62227E-13 1.02053E-12 1.07891E-12 1.13724E-12 1.19541E-12 1.25310E-12 1.31170E-12 1.37007E-12 1.42818E-12 1.48610E-12 1.54357E-12 1.60182E-12 1.65963E-12 1.71751E-12 1.77455E-12 1.83211E-12 1.88969E-12 1.94716E-12 2.00547E-12 2.06238E-12 2.11979E-12 2.17770E-12 2.23510E-12 2.29243E-12 2.34933E-12 2.40627E-12 2.46375E-12 2.52109E-12 2.57845E-12 2.63602E-12 2.69293E-12 2.75063E-12 2.80787E-12 2.86643E-12 2.92366E-12 % lost data
6.51224E-02 6.51224E-02 6.51224E-02 6.51224E-02 6.51225E-02 6.51227E-02 6.51230E-02 6.51232E-02 6.51235E-02 6.51238E-02 6.51241E-02 6.51243E-02 6.51246E-02 6.51249E-02 6.51252E-02 6.51254E-02 6.51257E-02 6.51260E-02 6.51263E-02 6.51265E-02 6.51268E-02 6.51271E-02 6.51273E-02 6.51276E-02 6.51279E-02 6.51281E-02 6.51284E-02 6.51287E-02 6.51298E-02 6.51310E-02 6.51321E-02 6.51333E-02 6.51344E-02 6.51355E-02 6.51366E-02 6.51377E-02 6.51388E-02 6.51399E-02 6.51409E-02 6.51420E-02 6.51430E-02 6.51441E-02 6.51451E-02 6.51461E-02 6.51471E-02 6.51481E-02 6.51491E-02 6.51501E-02 6.51510E-02 6.51520E-02 6.51529E-02 6.51538E-02 6.51548E-02 6.51557E-02 6.51566E-02 6.51575E-02 6.51584E-02 6.51592E-02 6.51601E-02 6.51610E-02 6.51618E-02 6.51627E-02 6.51635E-02 6.51643E-02 6.51651E-02 6.51659E-02 6.51667E-02 6.51675E-02 6.51683E-02 6.51691E-02 6.51698E-02 6.51706E-02 % total
];

MAT_fuelsalt_MDENS = [
0.00000E+00 0.00000E+00 0.00000E+00 0.00000E+00 0.00000E+00 0.00000E+00 0.00000E+00 0.00000E+00 0.00000E+00 0.00000E+00 0.00000E+00 0.00000E+00 0.00000E+00 0.00000E+00 0.00000E+00 0.00000E+00 0.00000E+00 0.00000E+00 0.00000E+00 0.00000E+00 0.00000E+00 0.00000E+00 0.00000E+00 0.00000E+00 0.00000E+00 0.00000E+00 0.00000E+00 0.00000E+00 0.00000E+00 0.00000E+00 0.00000E+00 0.00000E+00 0.00000E+00 0.00000E+00 0.00000E+00 0.00000E+00 0.00000E+00 0.00000E+00 0.00000E+00 0.00000E+00 0.00000E+00 0.00000E+00 0.00000E+00 0.00000E+00 0.00000E+00 0.00000E+00 0.00000E+00 0.00000E+00 0.00000E+00 0.00000E+00 0.00000E+00 0.00000E+00 0.00000E+00 0.00000E+00 0.00000E+00 0.00000E+00 0.00000E+00 0.00000E+00 0.00000E+00 0.00000E+00 0.00000E+00 0.00000E+00 0.00000E+00 0.00000E+00 0.00000E+00 0.00000E+00 0.00000E+00 0.00000E+00 0.00000E+00 0.00000E+00 0.00000E+00 0.00000E+00 % lost data
3.28019E+00 3.28019E+00 3.28019E+00 3.28018E+00 3.28015E+00 3.28009E+00 3.27999E+00 3.27989E+00 3.27978E+00 3.27968E+00 3.27958E+00 3.27948E+00 3.27937E+00 3.27927E+00 3.27917E+00 3.27907E+00 3.27897E+00 3.27887E+00 3.27877E+00 3.27867E+00 3.27857E+00 3.27847E+00 3.27838E+00 3.27828E+00 3.27818E+00 3.27808E+00 3.27799E+00 3.27789E+00 3.27747E+00 3.27706E+00 3.27665E+00 3.27625E+00 3.27586E+00 3.27547E+00 3.27508E+00 3.27470E+00 3.27433E+00 3.27396E+00 3.27359E+00 3.27323E+00 3.27287E+00 3.27251E+00 3.27216E+00 3.27182E+00 3.27148E+00 3.27114E+00 3.27080E+00 3.27047E+00 3.27015E+00 3.26982E+00 3.26950E+00 3.26919E+00 3.26887E+00 3.26856E+00 3.26826E+00 3.26795E+00 3.26766E+00 3.26736E+00 3.26707E+00 3.26678E+00 3.26649E+00 3.26621E+00 3.26593E+00 3.26565E+00 3.26538E+00 3.26510E+00 3.26484E+00 3.26457E+00 3.26431E+00 3.26405E+00 3.26379E+00 3.26354E+00 % total
];

MAT_fuelsalt_A = [
0.00000E+00 0.00000E+00 0.00000E+00 0.00000E+00 0.00000E+00 0.00000E+00 0.00000E+00 0.00000E+00 0.00000E+00 0.00000E+00 0.00000E+00 0.00000E+00 0.00000E+00 0.00000E+00 0.00000E+00 0.00000E+00 0.00000E+00 0.00000E+00 0.00000E+00 0.00000E+00 0.00000E+00 0.00000E+00 0.00000E+00 0.00000E+00 0.00000E+00 0.00000E+00 0.00000E+00 0.00000E+00 0.00000E+00 0.00000E+00 0.00000E+00 0.00000E+00 0.00000E+00 0.00000E+00 0.00000E+00 0.00000E+00 0.00000E+00 0.00000E+00 0.00000E+00 0.00000E+00 0.00000E+00 0.00000E+00 0.00000E+00 0.00000E+00 0.00000E+00 0.00000E+00 0.00000E+00 0.00000E+00 0.00000E+00 0.00000E+00 0.00000E+00 0.00000E+00 0.00000E+00 0.00000E+00 0.00000E+00 0.00000E+00 0.00000E+00 0.00000E+00 0.00000E+00 0.00000E+00 0.00000E+00 0.00000E+00 0.00000E+00 0.00000E+00 0.00000E+00 0.00000E+00 0.00000E+00 0.00000E+00 0.00000E+00 0.00000E+00 0.00000E+00 0.00000E+00 % lost data
1.31843E+12 6.34123E+19 7.09748E+19 9.28251E+19 1.02267E+20 1.09313E+20 1.13213E+20 1.14409E+20 1.14577E+20 1.15161E+20 1.15235E+20 1.15059E+20 1.15312E+20 1.15498E+20 1.15281E+20 1.15354E+20 1.15616E+20 1.15401E+20 1.15231E+20 1.15219E+20 1.15214E+20 1.15148E+20 1.15065E+20 1.14996E+20 1.14989E+20 1.15126E+20 1.14864E+20 1.14870E+20 1.17136E+20 1.17010E+20 1.16778E+20 1.16528E+20 1.16271E+20 1.16100E+20 1.15875E+20 1.15871E+20 1.15492E+20 1.15321E+20 1.15411E+20 1.14997E+20 1.15088E+20 1.14415E+20 1.14930E+20 1.14919E+20 1.14468E+20 1.14447E+20 1.14219E+20 1.14656E+20 1.14258E+20 1.13827E+20 1.14132E+20 1.13965E+20 1.14033E+20 1.13970E+20 1.13408E+20 1.13964E+20 1.13371E+20 1.13379E+20 1.13402E+20 1.13589E+20 1.13391E+20 1.13197E+20 1.13488E+20 1.13095E+20 1.12872E+20 1.13347E+20 1.13063E+20 1.12910E+20 1.13379E+20 1.12773E+20 1.13106E+20 1.12687E+20 % total
];

