
ZAI = [
666
0
];

NAMES = [
'lost            '
'total           '
];

iLOST    = 1;
iTOT     = 2;

MAT_fuelsalt_VOLUME = [ 1.36700E+07 1.36700E+07 1.36700E+07 1.36700E+07 1.36700E+07 1.36700E+07 1.36700E+07 1.36700E+07 1.36700E+07 1.36700E+07 1.36700E+07 1.36700E+07 1.36700E+07 1.36700E+07 1.36700E+07 1.36700E+07 1.36700E+07 1.36700E+07 1.36700E+07 1.36700E+07 1.36700E+07 1.36700E+07 1.36700E+07 1.36700E+07 1.36700E+07 1.36700E+07 1.36700E+07 1.36700E+07 1.36700E+07 1.36700E+07 1.36700E+07 1.36700E+07 1.36700E+07 1.36700E+07 1.36700E+07 1.36700E+07 1.36700E+07 1.36700E+07 1.36700E+07 1.36700E+07 1.36700E+07 1.36700E+07 1.36700E+07 1.36700E+07 1.36700E+07 1.36700E+07 1.36700E+07 1.36700E+07 1.36700E+07 1.36700E+07 1.36700E+07 1.36700E+07 1.36700E+07 1.36700E+07 1.36700E+07 1.36700E+07 1.36700E+07 1.36700E+07 1.36700E+07 1.36700E+07 1.36700E+07 1.36700E+07 1.36700E+07 1.36700E+07 1.36700E+07 1.36700E+07 1.36700E+07 1.36700E+07 1.36700E+07 1.36700E+07 1.36700E+07 1.36700E+07 ];

MAT_fuelsalt_BURNUP = [ 0.00000E+00 0.00000E+00 0.00000E+00 0.00000E+00 0.00000E+00 0.00000E+00 0.00000E+00 0.00000E+00 0.00000E+00 0.00000E+00 0.00000E+00 0.00000E+00 0.00000E+00 0.00000E+00 0.00000E+00 0.00000E+00 0.00000E+00 0.00000E+00 0.00000E+00 0.00000E+00 0.00000E+00 0.00000E+00 0.00000E+00 0.00000E+00 0.00000E+00 0.00000E+00 0.00000E+00 0.00000E+00 0.00000E+00 0.00000E+00 0.00000E+00 0.00000E+00 0.00000E+00 0.00000E+00 0.00000E+00 0.00000E+00 0.00000E+00 0.00000E+00 0.00000E+00 0.00000E+00 0.00000E+00 0.00000E+00 0.00000E+00 0.00000E+00 0.00000E+00 0.00000E+00 0.00000E+00 0.00000E+00 0.00000E+00 0.00000E+00 0.00000E+00 0.00000E+00 0.00000E+00 0.00000E+00 0.00000E+00 0.00000E+00 0.00000E+00 0.00000E+00 0.00000E+00 0.00000E+00 0.00000E+00 0.00000E+00 0.00000E+00 0.00000E+00 0.00000E+00 0.00000E+00 0.00000E+00 0.00000E+00 0.00000E+00 0.00000E+00 0.00000E+00 0.00000E+00 ];

MAT_fuelsalt_ADENS = [
0.00000E+00 5.14308E-17 1.02490E-16 2.47140E-15 7.40680E-15 1.72905E-14 3.44721E-14 5.15262E-14 6.82664E-14 8.48277E-14 1.01361E-13 1.17545E-13 1.33724E-13 1.49759E-13 1.65558E-13 1.81306E-13 1.97084E-13 2.12708E-13 2.28309E-13 2.43815E-13 2.59402E-13 2.74818E-13 2.90156E-13 3.05342E-13 3.20591E-13 3.35703E-13 3.50925E-13 3.65998E-13 4.31174E-13 4.96112E-13 5.60052E-13 6.23758E-13 6.87402E-13 7.50701E-13 8.14689E-13 8.77367E-13 9.39973E-13 1.00286E-12 1.06512E-12 1.12801E-12 1.19065E-12 1.25289E-12 1.31550E-12 1.37832E-12 1.44126E-12 1.50363E-12 1.56601E-12 1.62868E-12 1.69109E-12 1.75354E-12 1.81589E-12 1.87858E-12 1.94112E-12 2.00396E-12 2.06660E-12 2.12928E-12 2.19173E-12 2.25413E-12 2.31648E-12 2.37870E-12 2.44114E-12 2.50366E-12 2.56607E-12 2.62849E-12 2.69076E-12 2.75284E-12 2.81523E-12 2.87772E-12 2.94039E-12 3.00288E-12 3.06511E-12 3.12756E-12 % lost data
6.51224E-02 6.51224E-02 6.51224E-02 6.51224E-02 6.51225E-02 6.51227E-02 6.51230E-02 6.51232E-02 6.51235E-02 6.51237E-02 6.51240E-02 6.51242E-02 6.51244E-02 6.51247E-02 6.51249E-02 6.51251E-02 6.51253E-02 6.51255E-02 6.51257E-02 6.51259E-02 6.51261E-02 6.51263E-02 6.51264E-02 6.51266E-02 6.51268E-02 6.51269E-02 6.51271E-02 6.51273E-02 6.51279E-02 6.51285E-02 6.51290E-02 6.51295E-02 6.51299E-02 6.51303E-02 6.51306E-02 6.51309E-02 6.51311E-02 6.51314E-02 6.51316E-02 6.51318E-02 6.51320E-02 6.51321E-02 6.51322E-02 6.51324E-02 6.51325E-02 6.51326E-02 6.51326E-02 6.51327E-02 6.51328E-02 6.51329E-02 6.51329E-02 6.51330E-02 6.51330E-02 6.51330E-02 6.51331E-02 6.51331E-02 6.51331E-02 6.51332E-02 6.51332E-02 6.51332E-02 6.51332E-02 6.51332E-02 6.51333E-02 6.51333E-02 6.51333E-02 6.51333E-02 6.51333E-02 6.51333E-02 6.51333E-02 6.51333E-02 6.51333E-02 6.51333E-02 % total
];

MAT_fuelsalt_MDENS = [
0.00000E+00 0.00000E+00 0.00000E+00 0.00000E+00 0.00000E+00 0.00000E+00 0.00000E+00 0.00000E+00 0.00000E+00 0.00000E+00 0.00000E+00 0.00000E+00 0.00000E+00 0.00000E+00 0.00000E+00 0.00000E+00 0.00000E+00 0.00000E+00 0.00000E+00 0.00000E+00 0.00000E+00 0.00000E+00 0.00000E+00 0.00000E+00 0.00000E+00 0.00000E+00 0.00000E+00 0.00000E+00 0.00000E+00 0.00000E+00 0.00000E+00 0.00000E+00 0.00000E+00 0.00000E+00 0.00000E+00 0.00000E+00 0.00000E+00 0.00000E+00 0.00000E+00 0.00000E+00 0.00000E+00 0.00000E+00 0.00000E+00 0.00000E+00 0.00000E+00 0.00000E+00 0.00000E+00 0.00000E+00 0.00000E+00 0.00000E+00 0.00000E+00 0.00000E+00 0.00000E+00 0.00000E+00 0.00000E+00 0.00000E+00 0.00000E+00 0.00000E+00 0.00000E+00 0.00000E+00 0.00000E+00 0.00000E+00 0.00000E+00 0.00000E+00 0.00000E+00 0.00000E+00 0.00000E+00 0.00000E+00 0.00000E+00 0.00000E+00 0.00000E+00 0.00000E+00 % lost data
3.28019E+00 3.28019E+00 3.28019E+00 3.28017E+00 3.28015E+00 3.28009E+00 3.27999E+00 3.27989E+00 3.27979E+00 3.27969E+00 3.27960E+00 3.27951E+00 3.27942E+00 3.27934E+00 3.27925E+00 3.27917E+00 3.27909E+00 3.27902E+00 3.27894E+00 3.27887E+00 3.27880E+00 3.27873E+00 3.27866E+00 3.27860E+00 3.27853E+00 3.27847E+00 3.27841E+00 3.27835E+00 3.27811E+00 3.27790E+00 3.27771E+00 3.27754E+00 3.27739E+00 3.27725E+00 3.27713E+00 3.27703E+00 3.27693E+00 3.27685E+00 3.27677E+00 3.27670E+00 3.27664E+00 3.27659E+00 3.27654E+00 3.27650E+00 3.27646E+00 3.27643E+00 3.27640E+00 3.27637E+00 3.27635E+00 3.27632E+00 3.27630E+00 3.27629E+00 3.27627E+00 3.27626E+00 3.27625E+00 3.27623E+00 3.27622E+00 3.27622E+00 3.27621E+00 3.27620E+00 3.27619E+00 3.27619E+00 3.27618E+00 3.27618E+00 3.27618E+00 3.27617E+00 3.27617E+00 3.27617E+00 3.27616E+00 3.27616E+00 3.27616E+00 3.27616E+00 % total
];

MAT_fuelsalt_A = [
0.00000E+00 0.00000E+00 0.00000E+00 0.00000E+00 0.00000E+00 0.00000E+00 0.00000E+00 0.00000E+00 0.00000E+00 0.00000E+00 0.00000E+00 0.00000E+00 0.00000E+00 0.00000E+00 0.00000E+00 0.00000E+00 0.00000E+00 0.00000E+00 0.00000E+00 0.00000E+00 0.00000E+00 0.00000E+00 0.00000E+00 0.00000E+00 0.00000E+00 0.00000E+00 0.00000E+00 0.00000E+00 0.00000E+00 0.00000E+00 0.00000E+00 0.00000E+00 0.00000E+00 0.00000E+00 0.00000E+00 0.00000E+00 0.00000E+00 0.00000E+00 0.00000E+00 0.00000E+00 0.00000E+00 0.00000E+00 0.00000E+00 0.00000E+00 0.00000E+00 0.00000E+00 0.00000E+00 0.00000E+00 0.00000E+00 0.00000E+00 0.00000E+00 0.00000E+00 0.00000E+00 0.00000E+00 0.00000E+00 0.00000E+00 0.00000E+00 0.00000E+00 0.00000E+00 0.00000E+00 0.00000E+00 0.00000E+00 0.00000E+00 0.00000E+00 0.00000E+00 0.00000E+00 0.00000E+00 0.00000E+00 0.00000E+00 0.00000E+00 0.00000E+00 0.00000E+00 % lost data
1.31843E+12 6.33810E+19 7.09358E+19 9.28033E+19 1.02418E+20 1.09351E+20 1.13156E+20 1.14200E+20 1.14342E+20 1.14364E+20 1.14201E+20 1.14263E+20 1.14361E+20 1.14414E+20 1.14112E+20 1.14017E+20 1.13704E+20 1.13790E+20 1.13827E+20 1.13700E+20 1.13671E+20 1.13438E+20 1.13745E+20 1.13277E+20 1.13277E+20 1.13275E+20 1.13327E+20 1.13251E+20 1.14658E+20 1.14564E+20 1.13862E+20 1.13603E+20 1.13357E+20 1.12897E+20 1.12720E+20 1.12323E+20 1.12132E+20 1.12330E+20 1.12107E+20 1.12029E+20 1.11834E+20 1.11664E+20 1.11602E+20 1.11659E+20 1.11437E+20 1.11479E+20 1.11491E+20 1.11312E+20 1.11359E+20 1.11174E+20 1.11280E+20 1.11246E+20 1.11150E+20 1.11148E+20 1.11134E+20 1.11174E+20 1.11021E+20 1.11015E+20 1.11114E+20 1.10860E+20 1.11134E+20 1.11110E+20 1.11116E+20 1.10902E+20 1.11042E+20 1.11187E+20 1.11007E+20 1.11172E+20 1.10905E+20 1.10988E+20 1.11047E+20 1.10917E+20 % total
];

