
ZAI = [
666
0
];

NAMES = [
'lost            '
'total           '
];

iLOST    = 1;
iTOT     = 2;

MAT_fuelsalt_VOLUME = [ 1.36700E+07 1.36700E+07 1.36700E+07 1.36700E+07 1.36700E+07 1.36700E+07 1.36700E+07 1.36700E+07 1.36700E+07 1.36700E+07 1.36700E+07 1.36700E+07 1.36700E+07 1.36700E+07 1.36700E+07 1.36700E+07 1.36700E+07 1.36700E+07 1.36700E+07 1.36700E+07 1.36700E+07 1.36700E+07 1.36700E+07 1.36700E+07 1.36700E+07 1.36700E+07 1.36700E+07 1.36700E+07 1.36700E+07 1.36700E+07 1.36700E+07 1.36700E+07 1.36700E+07 1.36700E+07 1.36700E+07 1.36700E+07 1.36700E+07 1.36700E+07 1.36700E+07 1.36700E+07 1.36700E+07 1.36700E+07 1.36700E+07 1.36700E+07 1.36700E+07 1.36700E+07 1.36700E+07 1.36700E+07 1.36700E+07 1.36700E+07 1.36700E+07 1.36700E+07 1.36700E+07 1.36700E+07 1.36700E+07 1.36700E+07 1.36700E+07 1.36700E+07 1.36700E+07 1.36700E+07 1.36700E+07 1.36700E+07 1.36700E+07 1.36700E+07 1.36700E+07 1.36700E+07 1.36700E+07 1.36700E+07 1.36700E+07 1.36700E+07 1.36700E+07 1.36700E+07 ];

MAT_fuelsalt_BURNUP = [ 0.00000E+00 0.00000E+00 0.00000E+00 0.00000E+00 0.00000E+00 0.00000E+00 0.00000E+00 0.00000E+00 0.00000E+00 0.00000E+00 0.00000E+00 0.00000E+00 0.00000E+00 0.00000E+00 0.00000E+00 0.00000E+00 0.00000E+00 0.00000E+00 0.00000E+00 0.00000E+00 0.00000E+00 0.00000E+00 0.00000E+00 0.00000E+00 0.00000E+00 0.00000E+00 0.00000E+00 0.00000E+00 0.00000E+00 0.00000E+00 0.00000E+00 0.00000E+00 0.00000E+00 0.00000E+00 0.00000E+00 0.00000E+00 0.00000E+00 0.00000E+00 0.00000E+00 0.00000E+00 0.00000E+00 0.00000E+00 0.00000E+00 0.00000E+00 0.00000E+00 0.00000E+00 0.00000E+00 0.00000E+00 0.00000E+00 0.00000E+00 0.00000E+00 0.00000E+00 0.00000E+00 0.00000E+00 0.00000E+00 0.00000E+00 0.00000E+00 0.00000E+00 0.00000E+00 0.00000E+00 0.00000E+00 0.00000E+00 0.00000E+00 0.00000E+00 0.00000E+00 0.00000E+00 0.00000E+00 0.00000E+00 0.00000E+00 0.00000E+00 0.00000E+00 0.00000E+00 ];

MAT_fuelsalt_ADENS = [
0.00000E+00 5.13219E-17 1.02925E-16 2.46986E-15 7.40979E-15 1.73362E-14 3.45245E-14 5.15148E-14 6.82510E-14 8.48695E-14 1.01219E-13 1.17371E-13 1.33453E-13 1.49337E-13 1.65175E-13 1.80918E-13 1.96425E-13 2.11893E-13 2.27231E-13 2.42617E-13 2.57879E-13 2.72890E-13 2.87960E-13 3.02929E-13 3.17851E-13 3.32603E-13 3.47353E-13 3.61994E-13 4.24798E-13 4.86914E-13 5.48002E-13 6.08980E-13 6.69384E-13 7.28990E-13 7.88219E-13 8.47607E-13 9.06530E-13 9.64929E-13 1.02280E-12 1.08153E-12 1.13999E-12 1.19820E-12 1.25643E-12 1.31458E-12 1.37223E-12 1.42941E-12 1.48710E-12 1.54473E-12 1.60226E-12 1.65966E-12 1.71687E-12 1.77408E-12 1.83129E-12 1.88820E-12 1.94517E-12 2.00277E-12 2.06018E-12 2.11777E-12 2.17518E-12 2.23259E-12 2.28989E-12 2.34723E-12 2.40436E-12 2.46172E-12 2.51865E-12 2.57567E-12 2.63285E-12 2.69006E-12 2.74749E-12 2.80527E-12 2.86224E-12 2.92051E-12 % lost data
6.51224E-02 6.51224E-02 6.51224E-02 6.51224E-02 6.51225E-02 6.51227E-02 6.51230E-02 6.51232E-02 6.51235E-02 6.51238E-02 6.51241E-02 6.51243E-02 6.51246E-02 6.51249E-02 6.51252E-02 6.51254E-02 6.51257E-02 6.51260E-02 6.51263E-02 6.51265E-02 6.51268E-02 6.51271E-02 6.51273E-02 6.51276E-02 6.51279E-02 6.51281E-02 6.51284E-02 6.51287E-02 6.51299E-02 6.51310E-02 6.51322E-02 6.51333E-02 6.51344E-02 6.51355E-02 6.51367E-02 6.51378E-02 6.51388E-02 6.51399E-02 6.51410E-02 6.51421E-02 6.51431E-02 6.51441E-02 6.51452E-02 6.51462E-02 6.51472E-02 6.51482E-02 6.51492E-02 6.51502E-02 6.51511E-02 6.51521E-02 6.51530E-02 6.51540E-02 6.51549E-02 6.51558E-02 6.51567E-02 6.51576E-02 6.51585E-02 6.51594E-02 6.51603E-02 6.51612E-02 6.51620E-02 6.51629E-02 6.51637E-02 6.51646E-02 6.51654E-02 6.51662E-02 6.51670E-02 6.51678E-02 6.51686E-02 6.51694E-02 6.51701E-02 6.51709E-02 % total
];

MAT_fuelsalt_MDENS = [
0.00000E+00 0.00000E+00 0.00000E+00 0.00000E+00 0.00000E+00 0.00000E+00 0.00000E+00 0.00000E+00 0.00000E+00 0.00000E+00 0.00000E+00 0.00000E+00 0.00000E+00 0.00000E+00 0.00000E+00 0.00000E+00 0.00000E+00 0.00000E+00 0.00000E+00 0.00000E+00 0.00000E+00 0.00000E+00 0.00000E+00 0.00000E+00 0.00000E+00 0.00000E+00 0.00000E+00 0.00000E+00 0.00000E+00 0.00000E+00 0.00000E+00 0.00000E+00 0.00000E+00 0.00000E+00 0.00000E+00 0.00000E+00 0.00000E+00 0.00000E+00 0.00000E+00 0.00000E+00 0.00000E+00 0.00000E+00 0.00000E+00 0.00000E+00 0.00000E+00 0.00000E+00 0.00000E+00 0.00000E+00 0.00000E+00 0.00000E+00 0.00000E+00 0.00000E+00 0.00000E+00 0.00000E+00 0.00000E+00 0.00000E+00 0.00000E+00 0.00000E+00 0.00000E+00 0.00000E+00 0.00000E+00 0.00000E+00 0.00000E+00 0.00000E+00 0.00000E+00 0.00000E+00 0.00000E+00 0.00000E+00 0.00000E+00 0.00000E+00 0.00000E+00 0.00000E+00 % lost data
3.28019E+00 3.28019E+00 3.28019E+00 3.28018E+00 3.28015E+00 3.28009E+00 3.27999E+00 3.27989E+00 3.27978E+00 3.27968E+00 3.27958E+00 3.27948E+00 3.27938E+00 3.27927E+00 3.27917E+00 3.27907E+00 3.27897E+00 3.27887E+00 3.27877E+00 3.27867E+00 3.27857E+00 3.27847E+00 3.27838E+00 3.27828E+00 3.27818E+00 3.27808E+00 3.27799E+00 3.27789E+00 3.27747E+00 3.27706E+00 3.27666E+00 3.27625E+00 3.27586E+00 3.27547E+00 3.27508E+00 3.27470E+00 3.27432E+00 3.27395E+00 3.27358E+00 3.27322E+00 3.27286E+00 3.27251E+00 3.27215E+00 3.27181E+00 3.27146E+00 3.27112E+00 3.27079E+00 3.27045E+00 3.27013E+00 3.26980E+00 3.26948E+00 3.26916E+00 3.26885E+00 3.26853E+00 3.26823E+00 3.26792E+00 3.26762E+00 3.26732E+00 3.26703E+00 3.26673E+00 3.26645E+00 3.26616E+00 3.26588E+00 3.26560E+00 3.26532E+00 3.26505E+00 3.26477E+00 3.26451E+00 3.26424E+00 3.26398E+00 3.26372E+00 3.26346E+00 % total
];

MAT_fuelsalt_A = [
0.00000E+00 0.00000E+00 0.00000E+00 0.00000E+00 0.00000E+00 0.00000E+00 0.00000E+00 0.00000E+00 0.00000E+00 0.00000E+00 0.00000E+00 0.00000E+00 0.00000E+00 0.00000E+00 0.00000E+00 0.00000E+00 0.00000E+00 0.00000E+00 0.00000E+00 0.00000E+00 0.00000E+00 0.00000E+00 0.00000E+00 0.00000E+00 0.00000E+00 0.00000E+00 0.00000E+00 0.00000E+00 0.00000E+00 0.00000E+00 0.00000E+00 0.00000E+00 0.00000E+00 0.00000E+00 0.00000E+00 0.00000E+00 0.00000E+00 0.00000E+00 0.00000E+00 0.00000E+00 0.00000E+00 0.00000E+00 0.00000E+00 0.00000E+00 0.00000E+00 0.00000E+00 0.00000E+00 0.00000E+00 0.00000E+00 0.00000E+00 0.00000E+00 0.00000E+00 0.00000E+00 0.00000E+00 0.00000E+00 0.00000E+00 0.00000E+00 0.00000E+00 0.00000E+00 0.00000E+00 0.00000E+00 0.00000E+00 0.00000E+00 0.00000E+00 0.00000E+00 0.00000E+00 0.00000E+00 0.00000E+00 0.00000E+00 0.00000E+00 0.00000E+00 0.00000E+00 % lost data
1.31843E+12 6.34119E+19 7.09534E+19 9.29929E+19 1.02475E+20 1.09070E+20 1.13220E+20 1.14526E+20 1.14838E+20 1.15038E+20 1.15090E+20 1.15361E+20 1.15407E+20 1.15161E+20 1.15361E+20 1.15382E+20 1.15397E+20 1.15301E+20 1.15258E+20 1.15230E+20 1.15475E+20 1.15217E+20 1.15140E+20 1.15473E+20 1.15351E+20 1.15059E+20 1.14967E+20 1.15304E+20 1.17355E+20 1.17076E+20 1.16781E+20 1.16587E+20 1.16132E+20 1.16039E+20 1.15997E+20 1.16015E+20 1.15859E+20 1.15396E+20 1.15320E+20 1.15068E+20 1.15279E+20 1.14836E+20 1.14632E+20 1.14615E+20 1.15056E+20 1.14757E+20 1.14751E+20 1.14464E+20 1.14094E+20 1.14379E+20 1.14347E+20 1.13746E+20 1.14335E+20 1.14084E+20 1.13443E+20 1.13692E+20 1.14205E+20 1.13468E+20 1.13249E+20 1.13838E+20 1.13462E+20 1.13903E+20 1.13764E+20 1.13261E+20 1.13471E+20 1.13118E+20 1.13168E+20 1.13322E+20 1.12814E+20 1.12898E+20 1.13007E+20 1.12803E+20 % total
];

