
ZAI = [
666
0
];

NAMES = [
'lost            '
'total           '
];

iLOST    = 1;
iTOT     = 2;

MAT_fuelsalt_VOLUME = [ 1.36700E+07 1.36700E+07 1.36700E+07 1.36700E+07 1.36700E+07 1.36700E+07 1.36700E+07 1.36700E+07 1.36700E+07 1.36700E+07 1.36700E+07 1.36700E+07 1.36700E+07 1.36700E+07 1.36700E+07 1.36700E+07 1.36700E+07 1.36700E+07 1.36700E+07 1.36700E+07 1.36700E+07 1.36700E+07 1.36700E+07 1.36700E+07 1.36700E+07 1.36700E+07 1.36700E+07 1.36700E+07 1.36700E+07 1.36700E+07 1.36700E+07 1.36700E+07 1.36700E+07 1.36700E+07 1.36700E+07 1.36700E+07 1.36700E+07 1.36700E+07 1.36700E+07 1.36700E+07 1.36700E+07 1.36700E+07 1.36700E+07 1.36700E+07 1.36700E+07 1.36700E+07 1.36700E+07 1.36700E+07 1.36700E+07 1.36700E+07 1.36700E+07 1.36700E+07 1.36700E+07 1.36700E+07 1.36700E+07 1.36700E+07 1.36700E+07 1.36700E+07 1.36700E+07 1.36700E+07 1.36700E+07 1.36700E+07 1.36700E+07 1.36700E+07 1.36700E+07 1.36700E+07 1.36700E+07 1.36700E+07 1.36700E+07 1.36700E+07 1.36700E+07 1.36700E+07 ];

MAT_fuelsalt_BURNUP = [ 0.00000E+00 0.00000E+00 0.00000E+00 0.00000E+00 0.00000E+00 0.00000E+00 0.00000E+00 0.00000E+00 0.00000E+00 0.00000E+00 0.00000E+00 0.00000E+00 0.00000E+00 0.00000E+00 0.00000E+00 0.00000E+00 0.00000E+00 0.00000E+00 0.00000E+00 0.00000E+00 0.00000E+00 0.00000E+00 0.00000E+00 0.00000E+00 0.00000E+00 0.00000E+00 0.00000E+00 0.00000E+00 0.00000E+00 0.00000E+00 0.00000E+00 0.00000E+00 0.00000E+00 0.00000E+00 0.00000E+00 0.00000E+00 0.00000E+00 0.00000E+00 0.00000E+00 0.00000E+00 0.00000E+00 0.00000E+00 0.00000E+00 0.00000E+00 0.00000E+00 0.00000E+00 0.00000E+00 0.00000E+00 0.00000E+00 0.00000E+00 0.00000E+00 0.00000E+00 0.00000E+00 0.00000E+00 0.00000E+00 0.00000E+00 0.00000E+00 0.00000E+00 0.00000E+00 0.00000E+00 0.00000E+00 0.00000E+00 0.00000E+00 0.00000E+00 0.00000E+00 0.00000E+00 0.00000E+00 0.00000E+00 0.00000E+00 0.00000E+00 0.00000E+00 0.00000E+00 ];

MAT_fuelsalt_ADENS = [
0.00000E+00 5.41391E-17 1.07952E-16 2.58290E-15 7.77804E-15 1.81951E-14 3.62265E-14 5.38384E-14 7.11666E-14 8.83334E-14 1.05239E-13 1.22063E-13 1.38512E-13 1.54895E-13 1.71227E-13 1.87211E-13 2.03136E-13 2.18978E-13 2.34687E-13 2.50318E-13 2.65682E-13 2.81081E-13 2.96409E-13 3.11725E-13 3.26890E-13 3.42062E-13 3.57189E-13 3.72215E-13 4.36980E-13 5.01030E-13 5.63674E-13 6.26540E-13 6.88550E-13 7.50049E-13 8.11011E-13 8.71536E-13 9.32509E-13 9.93530E-13 1.05465E-12 1.11502E-12 1.17623E-12 1.23651E-12 1.29644E-12 1.35699E-12 1.41681E-12 1.47685E-12 1.53733E-12 1.59712E-12 1.65680E-12 1.71718E-12 1.77667E-12 1.83641E-12 1.89604E-12 1.95652E-12 2.01638E-12 2.07575E-12 2.13552E-12 2.19600E-12 2.25565E-12 2.31600E-12 2.37594E-12 2.43582E-12 2.49570E-12 2.55541E-12 2.61575E-12 2.67616E-12 2.73600E-12 2.79662E-12 2.85732E-12 2.91739E-12 2.97723E-12 3.03655E-12 % lost data
7.97438E-02 7.97438E-02 7.97438E-02 7.97438E-02 7.97439E-02 7.97441E-02 7.97443E-02 7.97446E-02 7.97448E-02 7.97451E-02 7.97453E-02 7.97456E-02 7.97459E-02 7.97461E-02 7.97464E-02 7.97466E-02 7.97469E-02 7.97471E-02 7.97474E-02 7.97477E-02 7.97479E-02 7.97482E-02 7.97484E-02 7.97487E-02 7.97489E-02 7.97492E-02 7.97494E-02 7.97497E-02 7.97508E-02 7.97519E-02 7.97530E-02 7.97541E-02 7.97551E-02 7.97562E-02 7.97572E-02 7.97582E-02 7.97593E-02 7.97603E-02 7.97613E-02 7.97622E-02 7.97632E-02 7.97642E-02 7.97651E-02 7.97661E-02 7.97670E-02 7.97679E-02 7.97688E-02 7.97697E-02 7.97706E-02 7.97714E-02 7.97723E-02 7.97731E-02 7.97740E-02 7.97748E-02 7.97756E-02 7.97764E-02 7.97772E-02 7.97780E-02 7.97788E-02 7.97796E-02 7.97803E-02 7.97811E-02 7.97818E-02 7.97825E-02 7.97833E-02 7.97840E-02 7.97847E-02 7.97854E-02 7.97860E-02 7.97867E-02 7.97874E-02 7.97880E-02 % total
];

MAT_fuelsalt_MDENS = [
0.00000E+00 0.00000E+00 0.00000E+00 0.00000E+00 0.00000E+00 0.00000E+00 0.00000E+00 0.00000E+00 0.00000E+00 0.00000E+00 0.00000E+00 0.00000E+00 0.00000E+00 0.00000E+00 0.00000E+00 0.00000E+00 0.00000E+00 0.00000E+00 0.00000E+00 0.00000E+00 0.00000E+00 0.00000E+00 0.00000E+00 0.00000E+00 0.00000E+00 0.00000E+00 0.00000E+00 0.00000E+00 0.00000E+00 0.00000E+00 0.00000E+00 0.00000E+00 0.00000E+00 0.00000E+00 0.00000E+00 0.00000E+00 0.00000E+00 0.00000E+00 0.00000E+00 0.00000E+00 0.00000E+00 0.00000E+00 0.00000E+00 0.00000E+00 0.00000E+00 0.00000E+00 0.00000E+00 0.00000E+00 0.00000E+00 0.00000E+00 0.00000E+00 0.00000E+00 0.00000E+00 0.00000E+00 0.00000E+00 0.00000E+00 0.00000E+00 0.00000E+00 0.00000E+00 0.00000E+00 0.00000E+00 0.00000E+00 0.00000E+00 0.00000E+00 0.00000E+00 0.00000E+00 0.00000E+00 0.00000E+00 0.00000E+00 0.00000E+00 0.00000E+00 0.00000E+00 % lost data
3.35931E+00 3.35931E+00 3.35931E+00 3.35930E+00 3.35927E+00 3.35922E+00 3.35911E+00 3.35901E+00 3.35891E+00 3.35880E+00 3.35870E+00 3.35860E+00 3.35850E+00 3.35840E+00 3.35829E+00 3.35819E+00 3.35809E+00 3.35800E+00 3.35790E+00 3.35780E+00 3.35770E+00 3.35760E+00 3.35751E+00 3.35741E+00 3.35731E+00 3.35722E+00 3.35712E+00 3.35703E+00 3.35661E+00 3.35621E+00 3.35581E+00 3.35542E+00 3.35504E+00 3.35466E+00 3.35429E+00 3.35392E+00 3.35356E+00 3.35320E+00 3.35285E+00 3.35250E+00 3.35216E+00 3.35183E+00 3.35149E+00 3.35117E+00 3.35085E+00 3.35053E+00 3.35021E+00 3.34991E+00 3.34960E+00 3.34930E+00 3.34900E+00 3.34871E+00 3.34842E+00 3.34814E+00 3.34786E+00 3.34758E+00 3.34731E+00 3.34704E+00 3.34677E+00 3.34651E+00 3.34625E+00 3.34600E+00 3.34574E+00 3.34550E+00 3.34525E+00 3.34501E+00 3.34477E+00 3.34453E+00 3.34430E+00 3.34407E+00 3.34385E+00 3.34362E+00 % total
];

MAT_fuelsalt_A = [
0.00000E+00 0.00000E+00 0.00000E+00 0.00000E+00 0.00000E+00 0.00000E+00 0.00000E+00 0.00000E+00 0.00000E+00 0.00000E+00 0.00000E+00 0.00000E+00 0.00000E+00 0.00000E+00 0.00000E+00 0.00000E+00 0.00000E+00 0.00000E+00 0.00000E+00 0.00000E+00 0.00000E+00 0.00000E+00 0.00000E+00 0.00000E+00 0.00000E+00 0.00000E+00 0.00000E+00 0.00000E+00 0.00000E+00 0.00000E+00 0.00000E+00 0.00000E+00 0.00000E+00 0.00000E+00 0.00000E+00 0.00000E+00 0.00000E+00 0.00000E+00 0.00000E+00 0.00000E+00 0.00000E+00 0.00000E+00 0.00000E+00 0.00000E+00 0.00000E+00 0.00000E+00 0.00000E+00 0.00000E+00 0.00000E+00 0.00000E+00 0.00000E+00 0.00000E+00 0.00000E+00 0.00000E+00 0.00000E+00 0.00000E+00 0.00000E+00 0.00000E+00 0.00000E+00 0.00000E+00 0.00000E+00 0.00000E+00 0.00000E+00 0.00000E+00 0.00000E+00 0.00000E+00 0.00000E+00 0.00000E+00 0.00000E+00 0.00000E+00 0.00000E+00 0.00000E+00 % lost data
1.15956E+12 6.26115E+19 7.05701E+19 9.12143E+19 1.00656E+20 1.08044E+20 1.12587E+20 1.13622E+20 1.13909E+20 1.14413E+20 1.14343E+20 1.14407E+20 1.14406E+20 1.14552E+20 1.14167E+20 1.14454E+20 1.14534E+20 1.14278E+20 1.14373E+20 1.14065E+20 1.14343E+20 1.13867E+20 1.14331E+20 1.14405E+20 1.13948E+20 1.14407E+20 1.14050E+20 1.13947E+20 1.16695E+20 1.16644E+20 1.16117E+20 1.16011E+20 1.15941E+20 1.15651E+20 1.15428E+20 1.15212E+20 1.14799E+20 1.14861E+20 1.14974E+20 1.14866E+20 1.14479E+20 1.14618E+20 1.14609E+20 1.14752E+20 1.14424E+20 1.14150E+20 1.14382E+20 1.14178E+20 1.14220E+20 1.13931E+20 1.13897E+20 1.13564E+20 1.13596E+20 1.13485E+20 1.13561E+20 1.13585E+20 1.13805E+20 1.13230E+20 1.13335E+20 1.13006E+20 1.13209E+20 1.13293E+20 1.13517E+20 1.13455E+20 1.13376E+20 1.13384E+20 1.13184E+20 1.13129E+20 1.12963E+20 1.12847E+20 1.12696E+20 1.13161E+20 % total
];

