
ZAI = [
666
0
];

NAMES = [
'lost            '
'total           '
];

iLOST    = 1;
iTOT     = 2;

MAT_fuelsalt_VOLUME = [ 1.36700E+07 1.36700E+07 1.36700E+07 1.36700E+07 1.36700E+07 1.36700E+07 1.36700E+07 1.36700E+07 1.36700E+07 1.36700E+07 1.36700E+07 1.36700E+07 1.36700E+07 1.36700E+07 1.36700E+07 1.36700E+07 1.36700E+07 1.36700E+07 1.36700E+07 1.36700E+07 1.36700E+07 1.36700E+07 1.36700E+07 1.36700E+07 1.36700E+07 1.36700E+07 1.36700E+07 1.36700E+07 1.36700E+07 1.36700E+07 1.36700E+07 1.36700E+07 1.36700E+07 1.36700E+07 1.36700E+07 1.36700E+07 1.36700E+07 1.36700E+07 1.36700E+07 1.36700E+07 1.36700E+07 1.36700E+07 1.36700E+07 1.36700E+07 1.36700E+07 1.36700E+07 1.36700E+07 1.36700E+07 1.36700E+07 1.36700E+07 1.36700E+07 1.36700E+07 1.36700E+07 1.36700E+07 1.36700E+07 1.36700E+07 1.36700E+07 1.36700E+07 1.36700E+07 1.36700E+07 1.36700E+07 1.36700E+07 1.36700E+07 1.36700E+07 1.36700E+07 1.36700E+07 1.36700E+07 1.36700E+07 1.36700E+07 1.36700E+07 1.36700E+07 1.36700E+07 ];

MAT_fuelsalt_BURNUP = [ 0.00000E+00 0.00000E+00 0.00000E+00 0.00000E+00 0.00000E+00 0.00000E+00 0.00000E+00 0.00000E+00 0.00000E+00 0.00000E+00 0.00000E+00 0.00000E+00 0.00000E+00 0.00000E+00 0.00000E+00 0.00000E+00 0.00000E+00 0.00000E+00 0.00000E+00 0.00000E+00 0.00000E+00 0.00000E+00 0.00000E+00 0.00000E+00 0.00000E+00 0.00000E+00 0.00000E+00 0.00000E+00 0.00000E+00 0.00000E+00 0.00000E+00 0.00000E+00 0.00000E+00 0.00000E+00 0.00000E+00 0.00000E+00 0.00000E+00 0.00000E+00 0.00000E+00 0.00000E+00 0.00000E+00 0.00000E+00 0.00000E+00 0.00000E+00 0.00000E+00 0.00000E+00 0.00000E+00 0.00000E+00 0.00000E+00 0.00000E+00 0.00000E+00 0.00000E+00 0.00000E+00 0.00000E+00 0.00000E+00 0.00000E+00 0.00000E+00 0.00000E+00 0.00000E+00 0.00000E+00 0.00000E+00 0.00000E+00 0.00000E+00 0.00000E+00 0.00000E+00 0.00000E+00 0.00000E+00 0.00000E+00 0.00000E+00 0.00000E+00 0.00000E+00 0.00000E+00 ];

MAT_fuelsalt_ADENS = [
0.00000E+00 5.12296E-17 1.02774E-16 2.48442E-15 7.40551E-15 1.72985E-14 3.44514E-14 5.13635E-14 6.81493E-14 8.47253E-14 1.01020E-13 1.17233E-13 1.33348E-13 1.49354E-13 1.65173E-13 1.80884E-13 1.96541E-13 2.12204E-13 2.27581E-13 2.42744E-13 2.57845E-13 2.72898E-13 2.87794E-13 3.02850E-13 3.17662E-13 3.32593E-13 3.47375E-13 3.62152E-13 4.25393E-13 4.87993E-13 5.50176E-13 6.11624E-13 6.72723E-13 7.33226E-13 7.93627E-13 8.53642E-13 9.13667E-13 9.74171E-13 1.03349E-12 1.09260E-12 1.15203E-12 1.21113E-12 1.27047E-12 1.32938E-12 1.38804E-12 1.44677E-12 1.50576E-12 1.56487E-12 1.62390E-12 1.68241E-12 1.74099E-12 1.79968E-12 1.85863E-12 1.91702E-12 1.97539E-12 2.03394E-12 2.09263E-12 2.15122E-12 2.20935E-12 2.26738E-12 2.32610E-12 2.38467E-12 2.44314E-12 2.50153E-12 2.55998E-12 2.61911E-12 2.67781E-12 2.73596E-12 2.79494E-12 2.85409E-12 2.91208E-12 2.97080E-12 % lost data
6.51224E-02 6.51224E-02 6.51224E-02 6.51224E-02 6.51225E-02 6.51227E-02 6.51230E-02 6.51232E-02 6.51235E-02 6.51238E-02 6.51241E-02 6.51243E-02 6.51246E-02 6.51249E-02 6.51252E-02 6.51254E-02 6.51257E-02 6.51260E-02 6.51262E-02 6.51265E-02 6.51268E-02 6.51270E-02 6.51273E-02 6.51276E-02 6.51278E-02 6.51281E-02 6.51283E-02 6.51286E-02 6.51297E-02 6.51309E-02 6.51320E-02 6.51331E-02 6.51341E-02 6.51352E-02 6.51362E-02 6.51373E-02 6.51383E-02 6.51393E-02 6.51403E-02 6.51412E-02 6.51422E-02 6.51431E-02 6.51441E-02 6.51450E-02 6.51459E-02 6.51468E-02 6.51477E-02 6.51485E-02 6.51494E-02 6.51502E-02 6.51510E-02 6.51518E-02 6.51526E-02 6.51534E-02 6.51542E-02 6.51550E-02 6.51557E-02 6.51564E-02 6.51572E-02 6.51579E-02 6.51586E-02 6.51593E-02 6.51600E-02 6.51607E-02 6.51613E-02 6.51620E-02 6.51626E-02 6.51633E-02 6.51639E-02 6.51645E-02 6.51651E-02 6.51657E-02 % total
];

MAT_fuelsalt_MDENS = [
0.00000E+00 0.00000E+00 0.00000E+00 0.00000E+00 0.00000E+00 0.00000E+00 0.00000E+00 0.00000E+00 0.00000E+00 0.00000E+00 0.00000E+00 0.00000E+00 0.00000E+00 0.00000E+00 0.00000E+00 0.00000E+00 0.00000E+00 0.00000E+00 0.00000E+00 0.00000E+00 0.00000E+00 0.00000E+00 0.00000E+00 0.00000E+00 0.00000E+00 0.00000E+00 0.00000E+00 0.00000E+00 0.00000E+00 0.00000E+00 0.00000E+00 0.00000E+00 0.00000E+00 0.00000E+00 0.00000E+00 0.00000E+00 0.00000E+00 0.00000E+00 0.00000E+00 0.00000E+00 0.00000E+00 0.00000E+00 0.00000E+00 0.00000E+00 0.00000E+00 0.00000E+00 0.00000E+00 0.00000E+00 0.00000E+00 0.00000E+00 0.00000E+00 0.00000E+00 0.00000E+00 0.00000E+00 0.00000E+00 0.00000E+00 0.00000E+00 0.00000E+00 0.00000E+00 0.00000E+00 0.00000E+00 0.00000E+00 0.00000E+00 0.00000E+00 0.00000E+00 0.00000E+00 0.00000E+00 0.00000E+00 0.00000E+00 0.00000E+00 0.00000E+00 0.00000E+00 % lost data
3.28019E+00 3.28019E+00 3.28019E+00 3.28017E+00 3.28015E+00 3.28009E+00 3.27999E+00 3.27988E+00 3.27978E+00 3.27967E+00 3.27957E+00 3.27946E+00 3.27936E+00 3.27926E+00 3.27916E+00 3.27905E+00 3.27895E+00 3.27885E+00 3.27875E+00 3.27865E+00 3.27855E+00 3.27845E+00 3.27835E+00 3.27826E+00 3.27816E+00 3.27806E+00 3.27796E+00 3.27787E+00 3.27745E+00 3.27704E+00 3.27664E+00 3.27625E+00 3.27586E+00 3.27548E+00 3.27510E+00 3.27473E+00 3.27437E+00 3.27402E+00 3.27367E+00 3.27332E+00 3.27298E+00 3.27265E+00 3.27232E+00 3.27200E+00 3.27168E+00 3.27136E+00 3.27106E+00 3.27075E+00 3.27045E+00 3.27016E+00 3.26987E+00 3.26958E+00 3.26930E+00 3.26903E+00 3.26876E+00 3.26849E+00 3.26822E+00 3.26796E+00 3.26771E+00 3.26746E+00 3.26721E+00 3.26696E+00 3.26672E+00 3.26649E+00 3.26625E+00 3.26602E+00 3.26580E+00 3.26558E+00 3.26536E+00 3.26514E+00 3.26493E+00 3.26472E+00 % total
];

MAT_fuelsalt_A = [
0.00000E+00 0.00000E+00 0.00000E+00 0.00000E+00 0.00000E+00 0.00000E+00 0.00000E+00 0.00000E+00 0.00000E+00 0.00000E+00 0.00000E+00 0.00000E+00 0.00000E+00 0.00000E+00 0.00000E+00 0.00000E+00 0.00000E+00 0.00000E+00 0.00000E+00 0.00000E+00 0.00000E+00 0.00000E+00 0.00000E+00 0.00000E+00 0.00000E+00 0.00000E+00 0.00000E+00 0.00000E+00 0.00000E+00 0.00000E+00 0.00000E+00 0.00000E+00 0.00000E+00 0.00000E+00 0.00000E+00 0.00000E+00 0.00000E+00 0.00000E+00 0.00000E+00 0.00000E+00 0.00000E+00 0.00000E+00 0.00000E+00 0.00000E+00 0.00000E+00 0.00000E+00 0.00000E+00 0.00000E+00 0.00000E+00 0.00000E+00 0.00000E+00 0.00000E+00 0.00000E+00 0.00000E+00 0.00000E+00 0.00000E+00 0.00000E+00 0.00000E+00 0.00000E+00 0.00000E+00 0.00000E+00 0.00000E+00 0.00000E+00 0.00000E+00 0.00000E+00 0.00000E+00 0.00000E+00 0.00000E+00 0.00000E+00 0.00000E+00 0.00000E+00 0.00000E+00 % lost data
1.31843E+12 6.33382E+19 7.09779E+19 9.31254E+19 1.02488E+20 1.09431E+20 1.13531E+20 1.14407E+20 1.14823E+20 1.15012E+20 1.14934E+20 1.14869E+20 1.15148E+20 1.15163E+20 1.14966E+20 1.14757E+20 1.14825E+20 1.15285E+20 1.14808E+20 1.14713E+20 1.14542E+20 1.14649E+20 1.14555E+20 1.14558E+20 1.14433E+20 1.14042E+20 1.14193E+20 1.14155E+20 1.17144E+20 1.16538E+20 1.15966E+20 1.15756E+20 1.15362E+20 1.15365E+20 1.14676E+20 1.14100E+20 1.14491E+20 1.13827E+20 1.13975E+20 1.13717E+20 1.13380E+20 1.13430E+20 1.13024E+20 1.12775E+20 1.12668E+20 1.12900E+20 1.12662E+20 1.12300E+20 1.12339E+20 1.11999E+20 1.12180E+20 1.12267E+20 1.11798E+20 1.11894E+20 1.11888E+20 1.11763E+20 1.11450E+20 1.11516E+20 1.11556E+20 1.11368E+20 1.10876E+20 1.11066E+20 1.11133E+20 1.10899E+20 1.10777E+20 1.10755E+20 1.10970E+20 1.10840E+20 1.10825E+20 1.10715E+20 1.10668E+20 1.10620E+20 % total
];

