
ZAI = [
666
0
];

NAMES = [
'lost            '
'total           '
];

iLOST    = 1;
iTOT     = 2;

MAT_fuelsalt_VOLUME = [ 1.36700E+07 1.36700E+07 1.36700E+07 1.36700E+07 1.36700E+07 1.36700E+07 1.36700E+07 1.36700E+07 1.36700E+07 1.36700E+07 1.36700E+07 1.36700E+07 1.36700E+07 1.36700E+07 1.36700E+07 1.36700E+07 1.36700E+07 1.36700E+07 1.36700E+07 1.36700E+07 1.36700E+07 1.36700E+07 1.36700E+07 1.36700E+07 1.36700E+07 1.36700E+07 1.36700E+07 1.36700E+07 1.36700E+07 1.36700E+07 1.36700E+07 1.36700E+07 1.36700E+07 1.36700E+07 1.36700E+07 1.36700E+07 1.36700E+07 1.36700E+07 1.36700E+07 1.36700E+07 1.36700E+07 1.36700E+07 1.36700E+07 1.36700E+07 1.36700E+07 1.36700E+07 1.36700E+07 1.36700E+07 1.36700E+07 1.36700E+07 1.36700E+07 1.36700E+07 1.36700E+07 1.36700E+07 1.36700E+07 1.36700E+07 1.36700E+07 1.36700E+07 1.36700E+07 1.36700E+07 1.36700E+07 1.36700E+07 1.36700E+07 1.36700E+07 1.36700E+07 1.36700E+07 1.36700E+07 1.36700E+07 1.36700E+07 1.36700E+07 1.36700E+07 1.36700E+07 ];

MAT_fuelsalt_BURNUP = [ 0.00000E+00 0.00000E+00 0.00000E+00 0.00000E+00 0.00000E+00 0.00000E+00 0.00000E+00 0.00000E+00 0.00000E+00 0.00000E+00 0.00000E+00 0.00000E+00 0.00000E+00 0.00000E+00 0.00000E+00 0.00000E+00 0.00000E+00 0.00000E+00 0.00000E+00 0.00000E+00 0.00000E+00 0.00000E+00 0.00000E+00 0.00000E+00 0.00000E+00 0.00000E+00 0.00000E+00 0.00000E+00 0.00000E+00 0.00000E+00 0.00000E+00 0.00000E+00 0.00000E+00 0.00000E+00 0.00000E+00 0.00000E+00 0.00000E+00 0.00000E+00 0.00000E+00 0.00000E+00 0.00000E+00 0.00000E+00 0.00000E+00 0.00000E+00 0.00000E+00 0.00000E+00 0.00000E+00 0.00000E+00 0.00000E+00 0.00000E+00 0.00000E+00 0.00000E+00 0.00000E+00 0.00000E+00 0.00000E+00 0.00000E+00 0.00000E+00 0.00000E+00 0.00000E+00 0.00000E+00 0.00000E+00 0.00000E+00 0.00000E+00 0.00000E+00 0.00000E+00 0.00000E+00 0.00000E+00 0.00000E+00 0.00000E+00 0.00000E+00 0.00000E+00 0.00000E+00 ];

MAT_fuelsalt_ADENS = [
0.00000E+00 5.39418E-17 1.07862E-16 2.59106E-15 7.75607E-15 1.81300E-14 3.61530E-14 5.38491E-14 7.12545E-14 8.83691E-14 1.05316E-13 1.21970E-13 1.38470E-13 1.54732E-13 1.70967E-13 1.86972E-13 2.02853E-13 2.18642E-13 2.34326E-13 2.49908E-13 2.65492E-13 2.80893E-13 2.96241E-13 3.11439E-13 3.26607E-13 3.41766E-13 3.56773E-13 3.71832E-13 4.36043E-13 4.99258E-13 5.61947E-13 6.24787E-13 6.86653E-13 7.47836E-13 8.09226E-13 8.70389E-13 9.30441E-13 9.91536E-13 1.05196E-12 1.11242E-12 1.17220E-12 1.23240E-12 1.29218E-12 1.35249E-12 1.41235E-12 1.47279E-12 1.53353E-12 1.59374E-12 1.65376E-12 1.71363E-12 1.77377E-12 1.83408E-12 1.89333E-12 1.95345E-12 2.01352E-12 2.07349E-12 2.13392E-12 2.19407E-12 2.25455E-12 2.31470E-12 2.37468E-12 2.43489E-12 2.49484E-12 2.55441E-12 2.61433E-12 2.67504E-12 2.73495E-12 2.79546E-12 2.85526E-12 2.91496E-12 2.97517E-12 3.03516E-12 % lost data
7.97438E-02 7.97438E-02 7.97438E-02 7.97438E-02 7.97439E-02 7.97441E-02 7.97443E-02 7.97446E-02 7.97448E-02 7.97451E-02 7.97454E-02 7.97456E-02 7.97459E-02 7.97461E-02 7.97464E-02 7.97466E-02 7.97469E-02 7.97472E-02 7.97474E-02 7.97477E-02 7.97479E-02 7.97482E-02 7.97485E-02 7.97487E-02 7.97490E-02 7.97492E-02 7.97495E-02 7.97498E-02 7.97509E-02 7.97520E-02 7.97532E-02 7.97543E-02 7.97554E-02 7.97565E-02 7.97576E-02 7.97587E-02 7.97598E-02 7.97608E-02 7.97619E-02 7.97630E-02 7.97640E-02 7.97651E-02 7.97661E-02 7.97671E-02 7.97682E-02 7.97692E-02 7.97702E-02 7.97712E-02 7.97722E-02 7.97731E-02 7.97741E-02 7.97751E-02 7.97760E-02 7.97770E-02 7.97779E-02 7.97789E-02 7.97798E-02 7.97807E-02 7.97816E-02 7.97825E-02 7.97834E-02 7.97843E-02 7.97852E-02 7.97861E-02 7.97870E-02 7.97878E-02 7.97887E-02 7.97895E-02 7.97904E-02 7.97912E-02 7.97920E-02 7.97928E-02 % total
];

MAT_fuelsalt_MDENS = [
0.00000E+00 0.00000E+00 0.00000E+00 0.00000E+00 0.00000E+00 0.00000E+00 0.00000E+00 0.00000E+00 0.00000E+00 0.00000E+00 0.00000E+00 0.00000E+00 0.00000E+00 0.00000E+00 0.00000E+00 0.00000E+00 0.00000E+00 0.00000E+00 0.00000E+00 0.00000E+00 0.00000E+00 0.00000E+00 0.00000E+00 0.00000E+00 0.00000E+00 0.00000E+00 0.00000E+00 0.00000E+00 0.00000E+00 0.00000E+00 0.00000E+00 0.00000E+00 0.00000E+00 0.00000E+00 0.00000E+00 0.00000E+00 0.00000E+00 0.00000E+00 0.00000E+00 0.00000E+00 0.00000E+00 0.00000E+00 0.00000E+00 0.00000E+00 0.00000E+00 0.00000E+00 0.00000E+00 0.00000E+00 0.00000E+00 0.00000E+00 0.00000E+00 0.00000E+00 0.00000E+00 0.00000E+00 0.00000E+00 0.00000E+00 0.00000E+00 0.00000E+00 0.00000E+00 0.00000E+00 0.00000E+00 0.00000E+00 0.00000E+00 0.00000E+00 0.00000E+00 0.00000E+00 0.00000E+00 0.00000E+00 0.00000E+00 0.00000E+00 0.00000E+00 0.00000E+00 % lost data
3.35931E+00 3.35931E+00 3.35931E+00 3.35930E+00 3.35927E+00 3.35922E+00 3.35911E+00 3.35901E+00 3.35890E+00 3.35880E+00 3.35870E+00 3.35859E+00 3.35849E+00 3.35839E+00 3.35829E+00 3.35818E+00 3.35808E+00 3.35798E+00 3.35788E+00 3.35778E+00 3.35768E+00 3.35758E+00 3.35748E+00 3.35738E+00 3.35728E+00 3.35718E+00 3.35709E+00 3.35699E+00 3.35657E+00 3.35615E+00 3.35573E+00 3.35532E+00 3.35492E+00 3.35452E+00 3.35412E+00 3.35373E+00 3.35335E+00 3.35296E+00 3.35258E+00 3.35221E+00 3.35183E+00 3.35147E+00 3.35110E+00 3.35074E+00 3.35038E+00 3.35003E+00 3.34967E+00 3.34933E+00 3.34898E+00 3.34864E+00 3.34830E+00 3.34797E+00 3.34763E+00 3.34730E+00 3.34698E+00 3.34665E+00 3.34633E+00 3.34601E+00 3.34570E+00 3.34539E+00 3.34508E+00 3.34477E+00 3.34447E+00 3.34416E+00 3.34387E+00 3.34357E+00 3.34328E+00 3.34299E+00 3.34270E+00 3.34241E+00 3.34213E+00 3.34185E+00 % total
];

MAT_fuelsalt_A = [
0.00000E+00 0.00000E+00 0.00000E+00 0.00000E+00 0.00000E+00 0.00000E+00 0.00000E+00 0.00000E+00 0.00000E+00 0.00000E+00 0.00000E+00 0.00000E+00 0.00000E+00 0.00000E+00 0.00000E+00 0.00000E+00 0.00000E+00 0.00000E+00 0.00000E+00 0.00000E+00 0.00000E+00 0.00000E+00 0.00000E+00 0.00000E+00 0.00000E+00 0.00000E+00 0.00000E+00 0.00000E+00 0.00000E+00 0.00000E+00 0.00000E+00 0.00000E+00 0.00000E+00 0.00000E+00 0.00000E+00 0.00000E+00 0.00000E+00 0.00000E+00 0.00000E+00 0.00000E+00 0.00000E+00 0.00000E+00 0.00000E+00 0.00000E+00 0.00000E+00 0.00000E+00 0.00000E+00 0.00000E+00 0.00000E+00 0.00000E+00 0.00000E+00 0.00000E+00 0.00000E+00 0.00000E+00 0.00000E+00 0.00000E+00 0.00000E+00 0.00000E+00 0.00000E+00 0.00000E+00 0.00000E+00 0.00000E+00 0.00000E+00 0.00000E+00 0.00000E+00 0.00000E+00 0.00000E+00 0.00000E+00 0.00000E+00 0.00000E+00 0.00000E+00 0.00000E+00 % lost data
1.15956E+12 6.24917E+19 7.05530E+19 9.12899E+19 1.00691E+20 1.08127E+20 1.12918E+20 1.13535E+20 1.13964E+20 1.14084E+20 1.14525E+20 1.14430E+20 1.14306E+20 1.14308E+20 1.14376E+20 1.14214E+20 1.14276E+20 1.14107E+20 1.14187E+20 1.14423E+20 1.14074E+20 1.14332E+20 1.14096E+20 1.14043E+20 1.13819E+20 1.13966E+20 1.14223E+20 1.14056E+20 1.16756E+20 1.16593E+20 1.15900E+20 1.15888E+20 1.15864E+20 1.15848E+20 1.15401E+20 1.15345E+20 1.15061E+20 1.14884E+20 1.14717E+20 1.14693E+20 1.14560E+20 1.14710E+20 1.14266E+20 1.14477E+20 1.14030E+20 1.14306E+20 1.13998E+20 1.13849E+20 1.13934E+20 1.13675E+20 1.13711E+20 1.13857E+20 1.13559E+20 1.13497E+20 1.13409E+20 1.13517E+20 1.12989E+20 1.13393E+20 1.12827E+20 1.13234E+20 1.13432E+20 1.13598E+20 1.12920E+20 1.12933E+20 1.12905E+20 1.12818E+20 1.12863E+20 1.12577E+20 1.12772E+20 1.12614E+20 1.12770E+20 1.12673E+20 % total
];

