
ZAI = [
666
0
];

NAMES = [
'lost            '
'total           '
];

iLOST    = 1;
iTOT     = 2;

MAT_fuelsalt_VOLUME = [ 1.36700E+07 1.36700E+07 1.36700E+07 1.36700E+07 1.36700E+07 1.36700E+07 1.36700E+07 1.36700E+07 1.36700E+07 1.36700E+07 1.36700E+07 1.36700E+07 1.36700E+07 1.36700E+07 1.36700E+07 1.36700E+07 1.36700E+07 1.36700E+07 1.36700E+07 1.36700E+07 1.36700E+07 1.36700E+07 1.36700E+07 1.36700E+07 1.36700E+07 1.36700E+07 1.36700E+07 1.36700E+07 1.36700E+07 1.36700E+07 1.36700E+07 1.36700E+07 1.36700E+07 1.36700E+07 1.36700E+07 1.36700E+07 1.36700E+07 1.36700E+07 1.36700E+07 1.36700E+07 1.36700E+07 1.36700E+07 1.36700E+07 1.36700E+07 1.36700E+07 1.36700E+07 1.36700E+07 1.36700E+07 1.36700E+07 1.36700E+07 1.36700E+07 1.36700E+07 1.36700E+07 1.36700E+07 1.36700E+07 1.36700E+07 1.36700E+07 1.36700E+07 1.36700E+07 1.36700E+07 1.36700E+07 1.36700E+07 1.36700E+07 1.36700E+07 1.36700E+07 1.36700E+07 1.36700E+07 1.36700E+07 1.36700E+07 1.36700E+07 1.36700E+07 1.36700E+07 ];

MAT_fuelsalt_BURNUP = [ 0.00000E+00 0.00000E+00 0.00000E+00 0.00000E+00 0.00000E+00 0.00000E+00 0.00000E+00 0.00000E+00 0.00000E+00 0.00000E+00 0.00000E+00 0.00000E+00 0.00000E+00 0.00000E+00 0.00000E+00 0.00000E+00 0.00000E+00 0.00000E+00 0.00000E+00 0.00000E+00 0.00000E+00 0.00000E+00 0.00000E+00 0.00000E+00 0.00000E+00 0.00000E+00 0.00000E+00 0.00000E+00 0.00000E+00 0.00000E+00 0.00000E+00 0.00000E+00 0.00000E+00 0.00000E+00 0.00000E+00 0.00000E+00 0.00000E+00 0.00000E+00 0.00000E+00 0.00000E+00 0.00000E+00 0.00000E+00 0.00000E+00 0.00000E+00 0.00000E+00 0.00000E+00 0.00000E+00 0.00000E+00 0.00000E+00 0.00000E+00 0.00000E+00 0.00000E+00 0.00000E+00 0.00000E+00 0.00000E+00 0.00000E+00 0.00000E+00 0.00000E+00 0.00000E+00 0.00000E+00 0.00000E+00 0.00000E+00 0.00000E+00 0.00000E+00 0.00000E+00 0.00000E+00 0.00000E+00 0.00000E+00 0.00000E+00 0.00000E+00 0.00000E+00 0.00000E+00 ];

MAT_fuelsalt_ADENS = [
0.00000E+00 5.11359E-17 1.02642E-16 2.45674E-15 7.38145E-15 1.72292E-14 3.44602E-14 5.14068E-14 6.81092E-14 8.46392E-14 1.00980E-13 1.17346E-13 1.33305E-13 1.49137E-13 1.64996E-13 1.80675E-13 1.96276E-13 2.11784E-13 2.27121E-13 2.42388E-13 2.57603E-13 2.72701E-13 2.87800E-13 3.02896E-13 3.17786E-13 3.32824E-13 3.47679E-13 3.62530E-13 4.26076E-13 4.88940E-13 5.50666E-13 6.12608E-13 6.73448E-13 7.34342E-13 7.94667E-13 8.54846E-13 9.15364E-13 9.75266E-13 1.03515E-12 1.09473E-12 1.15419E-12 1.21401E-12 1.27326E-12 1.33215E-12 1.39101E-12 1.45035E-12 1.50950E-12 1.56851E-12 1.62714E-12 1.68626E-12 1.74572E-12 1.80480E-12 1.86380E-12 1.92275E-12 1.98182E-12 2.04061E-12 2.09962E-12 2.15882E-12 2.21856E-12 2.27751E-12 2.33649E-12 2.39562E-12 2.45434E-12 2.51306E-12 2.57188E-12 2.63071E-12 2.68950E-12 2.74876E-12 2.80762E-12 2.86630E-12 2.92482E-12 2.98377E-12 % lost data
6.51224E-02 6.51224E-02 6.51224E-02 6.51224E-02 6.51225E-02 6.51227E-02 6.51230E-02 6.51232E-02 6.51235E-02 6.51238E-02 6.51241E-02 6.51243E-02 6.51246E-02 6.51249E-02 6.51251E-02 6.51254E-02 6.51256E-02 6.51259E-02 6.51262E-02 6.51264E-02 6.51267E-02 6.51269E-02 6.51272E-02 6.51274E-02 6.51277E-02 6.51279E-02 6.51282E-02 6.51284E-02 6.51295E-02 6.51306E-02 6.51316E-02 6.51326E-02 6.51336E-02 6.51345E-02 6.51354E-02 6.51363E-02 6.51372E-02 6.51381E-02 6.51389E-02 6.51397E-02 6.51405E-02 6.51413E-02 6.51421E-02 6.51428E-02 6.51435E-02 6.51442E-02 6.51449E-02 6.51456E-02 6.51462E-02 6.51469E-02 6.51475E-02 6.51481E-02 6.51487E-02 6.51493E-02 6.51498E-02 6.51504E-02 6.51509E-02 6.51514E-02 6.51519E-02 6.51524E-02 6.51529E-02 6.51534E-02 6.51538E-02 6.51543E-02 6.51547E-02 6.51551E-02 6.51555E-02 6.51559E-02 6.51563E-02 6.51567E-02 6.51571E-02 6.51575E-02 % total
];

MAT_fuelsalt_MDENS = [
0.00000E+00 0.00000E+00 0.00000E+00 0.00000E+00 0.00000E+00 0.00000E+00 0.00000E+00 0.00000E+00 0.00000E+00 0.00000E+00 0.00000E+00 0.00000E+00 0.00000E+00 0.00000E+00 0.00000E+00 0.00000E+00 0.00000E+00 0.00000E+00 0.00000E+00 0.00000E+00 0.00000E+00 0.00000E+00 0.00000E+00 0.00000E+00 0.00000E+00 0.00000E+00 0.00000E+00 0.00000E+00 0.00000E+00 0.00000E+00 0.00000E+00 0.00000E+00 0.00000E+00 0.00000E+00 0.00000E+00 0.00000E+00 0.00000E+00 0.00000E+00 0.00000E+00 0.00000E+00 0.00000E+00 0.00000E+00 0.00000E+00 0.00000E+00 0.00000E+00 0.00000E+00 0.00000E+00 0.00000E+00 0.00000E+00 0.00000E+00 0.00000E+00 0.00000E+00 0.00000E+00 0.00000E+00 0.00000E+00 0.00000E+00 0.00000E+00 0.00000E+00 0.00000E+00 0.00000E+00 0.00000E+00 0.00000E+00 0.00000E+00 0.00000E+00 0.00000E+00 0.00000E+00 0.00000E+00 0.00000E+00 0.00000E+00 0.00000E+00 0.00000E+00 0.00000E+00 % lost data
3.28019E+00 3.28019E+00 3.28019E+00 3.28017E+00 3.28015E+00 3.28009E+00 3.27999E+00 3.27988E+00 3.27978E+00 3.27968E+00 3.27957E+00 3.27947E+00 3.27937E+00 3.27927E+00 3.27917E+00 3.27907E+00 3.27897E+00 3.27887E+00 3.27878E+00 3.27868E+00 3.27859E+00 3.27849E+00 3.27840E+00 3.27830E+00 3.27821E+00 3.27812E+00 3.27802E+00 3.27793E+00 3.27754E+00 3.27716E+00 3.27679E+00 3.27643E+00 3.27608E+00 3.27574E+00 3.27541E+00 3.27509E+00 3.27478E+00 3.27447E+00 3.27418E+00 3.27389E+00 3.27361E+00 3.27333E+00 3.27307E+00 3.27281E+00 3.27255E+00 3.27230E+00 3.27206E+00 3.27183E+00 3.27160E+00 3.27138E+00 3.27116E+00 3.27095E+00 3.27074E+00 3.27054E+00 3.27035E+00 3.27016E+00 3.26997E+00 3.26979E+00 3.26961E+00 3.26944E+00 3.26927E+00 3.26911E+00 3.26895E+00 3.26880E+00 3.26865E+00 3.26850E+00 3.26835E+00 3.26821E+00 3.26808E+00 3.26794E+00 3.26781E+00 3.26769E+00 % total
];

MAT_fuelsalt_A = [
0.00000E+00 0.00000E+00 0.00000E+00 0.00000E+00 0.00000E+00 0.00000E+00 0.00000E+00 0.00000E+00 0.00000E+00 0.00000E+00 0.00000E+00 0.00000E+00 0.00000E+00 0.00000E+00 0.00000E+00 0.00000E+00 0.00000E+00 0.00000E+00 0.00000E+00 0.00000E+00 0.00000E+00 0.00000E+00 0.00000E+00 0.00000E+00 0.00000E+00 0.00000E+00 0.00000E+00 0.00000E+00 0.00000E+00 0.00000E+00 0.00000E+00 0.00000E+00 0.00000E+00 0.00000E+00 0.00000E+00 0.00000E+00 0.00000E+00 0.00000E+00 0.00000E+00 0.00000E+00 0.00000E+00 0.00000E+00 0.00000E+00 0.00000E+00 0.00000E+00 0.00000E+00 0.00000E+00 0.00000E+00 0.00000E+00 0.00000E+00 0.00000E+00 0.00000E+00 0.00000E+00 0.00000E+00 0.00000E+00 0.00000E+00 0.00000E+00 0.00000E+00 0.00000E+00 0.00000E+00 0.00000E+00 0.00000E+00 0.00000E+00 0.00000E+00 0.00000E+00 0.00000E+00 0.00000E+00 0.00000E+00 0.00000E+00 0.00000E+00 0.00000E+00 0.00000E+00 % lost data
1.31843E+12 6.33925E+19 7.09407E+19 9.30786E+19 1.02355E+20 1.09452E+20 1.13337E+20 1.14336E+20 1.14610E+20 1.14894E+20 1.14954E+20 1.15077E+20 1.14899E+20 1.15141E+20 1.15044E+20 1.14939E+20 1.14985E+20 1.15152E+20 1.14664E+20 1.14612E+20 1.14501E+20 1.14527E+20 1.14830E+20 1.14460E+20 1.14321E+20 1.14280E+20 1.14242E+20 1.14196E+20 1.16806E+20 1.16526E+20 1.16168E+20 1.15834E+20 1.15027E+20 1.14731E+20 1.14229E+20 1.14328E+20 1.14503E+20 1.14329E+20 1.13614E+20 1.13714E+20 1.13364E+20 1.13062E+20 1.13447E+20 1.12919E+20 1.12709E+20 1.12680E+20 1.12653E+20 1.12352E+20 1.12393E+20 1.12016E+20 1.12090E+20 1.11952E+20 1.11974E+20 1.11898E+20 1.11812E+20 1.11627E+20 1.11527E+20 1.11559E+20 1.11609E+20 1.11652E+20 1.11400E+20 1.11790E+20 1.11134E+20 1.11146E+20 1.11260E+20 1.10730E+20 1.10949E+20 1.11204E+20 1.10703E+20 1.10829E+20 1.10489E+20 1.10673E+20 % total
];

