
ZAI = [
666
0
];

NAMES = [
'lost            '
'total           '
];

iLOST    = 1;
iTOT     = 2;

MAT_fuelsalt_VOLUME = [ 1.36700E+07 1.36700E+07 1.36700E+07 1.36700E+07 1.36700E+07 1.36700E+07 1.36700E+07 1.36700E+07 1.36700E+07 1.36700E+07 1.36700E+07 1.36700E+07 1.36700E+07 1.36700E+07 1.36700E+07 1.36700E+07 1.36700E+07 1.36700E+07 1.36700E+07 1.36700E+07 1.36700E+07 1.36700E+07 1.36700E+07 1.36700E+07 1.36700E+07 1.36700E+07 1.36700E+07 1.36700E+07 1.36700E+07 1.36700E+07 1.36700E+07 1.36700E+07 1.36700E+07 1.36700E+07 1.36700E+07 1.36700E+07 1.36700E+07 1.36700E+07 1.36700E+07 1.36700E+07 1.36700E+07 1.36700E+07 1.36700E+07 1.36700E+07 1.36700E+07 1.36700E+07 1.36700E+07 1.36700E+07 1.36700E+07 1.36700E+07 1.36700E+07 1.36700E+07 1.36700E+07 1.36700E+07 1.36700E+07 1.36700E+07 1.36700E+07 1.36700E+07 1.36700E+07 1.36700E+07 1.36700E+07 1.36700E+07 1.36700E+07 1.36700E+07 1.36700E+07 1.36700E+07 1.36700E+07 1.36700E+07 1.36700E+07 1.36700E+07 1.36700E+07 1.36700E+07 ];

MAT_fuelsalt_BURNUP = [ 0.00000E+00 0.00000E+00 0.00000E+00 0.00000E+00 0.00000E+00 0.00000E+00 0.00000E+00 0.00000E+00 0.00000E+00 0.00000E+00 0.00000E+00 0.00000E+00 0.00000E+00 0.00000E+00 0.00000E+00 0.00000E+00 0.00000E+00 0.00000E+00 0.00000E+00 0.00000E+00 0.00000E+00 0.00000E+00 0.00000E+00 0.00000E+00 0.00000E+00 0.00000E+00 0.00000E+00 0.00000E+00 0.00000E+00 0.00000E+00 0.00000E+00 0.00000E+00 0.00000E+00 0.00000E+00 0.00000E+00 0.00000E+00 0.00000E+00 0.00000E+00 0.00000E+00 0.00000E+00 0.00000E+00 0.00000E+00 0.00000E+00 0.00000E+00 0.00000E+00 0.00000E+00 0.00000E+00 0.00000E+00 0.00000E+00 0.00000E+00 0.00000E+00 0.00000E+00 0.00000E+00 0.00000E+00 0.00000E+00 0.00000E+00 0.00000E+00 0.00000E+00 0.00000E+00 0.00000E+00 0.00000E+00 0.00000E+00 0.00000E+00 0.00000E+00 0.00000E+00 0.00000E+00 0.00000E+00 0.00000E+00 0.00000E+00 0.00000E+00 0.00000E+00 0.00000E+00 ];

MAT_fuelsalt_ADENS = [
0.00000E+00 5.37432E-17 1.07910E-16 2.60043E-15 7.78329E-15 1.81495E-14 3.61012E-14 5.36821E-14 7.10772E-14 8.82494E-14 1.05068E-13 1.21731E-13 1.38239E-13 1.54640E-13 1.70772E-13 1.86779E-13 2.02714E-13 2.18513E-13 2.34276E-13 2.49941E-13 2.65551E-13 2.80969E-13 2.96292E-13 3.11496E-13 3.26601E-13 3.41655E-13 3.56634E-13 3.71692E-13 4.36078E-13 4.99610E-13 5.62720E-13 6.24705E-13 6.86353E-13 7.48216E-13 8.09916E-13 8.70790E-13 9.30744E-13 9.91394E-13 1.05172E-12 1.11171E-12 1.17161E-12 1.23161E-12 1.29169E-12 1.35161E-12 1.41147E-12 1.47183E-12 1.53222E-12 1.59205E-12 1.65199E-12 1.71171E-12 1.77141E-12 1.83171E-12 1.89138E-12 1.95154E-12 2.01105E-12 2.07119E-12 2.13139E-12 2.19211E-12 2.25139E-12 2.31115E-12 2.37097E-12 2.43094E-12 2.49077E-12 2.55204E-12 2.61175E-12 2.67157E-12 2.73169E-12 2.79178E-12 2.85087E-12 2.91005E-12 2.97030E-12 3.03053E-12 % lost data
7.97438E-02 7.97438E-02 7.97438E-02 7.97438E-02 7.97439E-02 7.97441E-02 7.97443E-02 7.97446E-02 7.97448E-02 7.97451E-02 7.97454E-02 7.97456E-02 7.97459E-02 7.97461E-02 7.97464E-02 7.97466E-02 7.97469E-02 7.97472E-02 7.97474E-02 7.97477E-02 7.97479E-02 7.97482E-02 7.97485E-02 7.97487E-02 7.97490E-02 7.97493E-02 7.97495E-02 7.97498E-02 7.97509E-02 7.97520E-02 7.97532E-02 7.97543E-02 7.97554E-02 7.97565E-02 7.97576E-02 7.97587E-02 7.97598E-02 7.97609E-02 7.97620E-02 7.97630E-02 7.97641E-02 7.97652E-02 7.97662E-02 7.97672E-02 7.97683E-02 7.97693E-02 7.97703E-02 7.97713E-02 7.97723E-02 7.97733E-02 7.97743E-02 7.97753E-02 7.97762E-02 7.97772E-02 7.97782E-02 7.97791E-02 7.97801E-02 7.97810E-02 7.97819E-02 7.97828E-02 7.97838E-02 7.97847E-02 7.97856E-02 7.97864E-02 7.97873E-02 7.97882E-02 7.97891E-02 7.97899E-02 7.97908E-02 7.97916E-02 7.97925E-02 7.97933E-02 % total
];

MAT_fuelsalt_MDENS = [
0.00000E+00 0.00000E+00 0.00000E+00 0.00000E+00 0.00000E+00 0.00000E+00 0.00000E+00 0.00000E+00 0.00000E+00 0.00000E+00 0.00000E+00 0.00000E+00 0.00000E+00 0.00000E+00 0.00000E+00 0.00000E+00 0.00000E+00 0.00000E+00 0.00000E+00 0.00000E+00 0.00000E+00 0.00000E+00 0.00000E+00 0.00000E+00 0.00000E+00 0.00000E+00 0.00000E+00 0.00000E+00 0.00000E+00 0.00000E+00 0.00000E+00 0.00000E+00 0.00000E+00 0.00000E+00 0.00000E+00 0.00000E+00 0.00000E+00 0.00000E+00 0.00000E+00 0.00000E+00 0.00000E+00 0.00000E+00 0.00000E+00 0.00000E+00 0.00000E+00 0.00000E+00 0.00000E+00 0.00000E+00 0.00000E+00 0.00000E+00 0.00000E+00 0.00000E+00 0.00000E+00 0.00000E+00 0.00000E+00 0.00000E+00 0.00000E+00 0.00000E+00 0.00000E+00 0.00000E+00 0.00000E+00 0.00000E+00 0.00000E+00 0.00000E+00 0.00000E+00 0.00000E+00 0.00000E+00 0.00000E+00 0.00000E+00 0.00000E+00 0.00000E+00 0.00000E+00 % lost data
3.35931E+00 3.35931E+00 3.35931E+00 3.35930E+00 3.35927E+00 3.35922E+00 3.35911E+00 3.35901E+00 3.35891E+00 3.35880E+00 3.35870E+00 3.35859E+00 3.35849E+00 3.35839E+00 3.35829E+00 3.35819E+00 3.35809E+00 3.35798E+00 3.35788E+00 3.35778E+00 3.35768E+00 3.35758E+00 3.35748E+00 3.35739E+00 3.35729E+00 3.35719E+00 3.35709E+00 3.35699E+00 3.35657E+00 3.35615E+00 3.35574E+00 3.35533E+00 3.35492E+00 3.35452E+00 3.35413E+00 3.35373E+00 3.35335E+00 3.35296E+00 3.35258E+00 3.35220E+00 3.35183E+00 3.35146E+00 3.35109E+00 3.35073E+00 3.35037E+00 3.35001E+00 3.34966E+00 3.34931E+00 3.34896E+00 3.34862E+00 3.34827E+00 3.34794E+00 3.34760E+00 3.34727E+00 3.34694E+00 3.34661E+00 3.34629E+00 3.34597E+00 3.34565E+00 3.34533E+00 3.34502E+00 3.34471E+00 3.34440E+00 3.34409E+00 3.34379E+00 3.34349E+00 3.34319E+00 3.34290E+00 3.34260E+00 3.34231E+00 3.34203E+00 3.34174E+00 % total
];

MAT_fuelsalt_A = [
0.00000E+00 0.00000E+00 0.00000E+00 0.00000E+00 0.00000E+00 0.00000E+00 0.00000E+00 0.00000E+00 0.00000E+00 0.00000E+00 0.00000E+00 0.00000E+00 0.00000E+00 0.00000E+00 0.00000E+00 0.00000E+00 0.00000E+00 0.00000E+00 0.00000E+00 0.00000E+00 0.00000E+00 0.00000E+00 0.00000E+00 0.00000E+00 0.00000E+00 0.00000E+00 0.00000E+00 0.00000E+00 0.00000E+00 0.00000E+00 0.00000E+00 0.00000E+00 0.00000E+00 0.00000E+00 0.00000E+00 0.00000E+00 0.00000E+00 0.00000E+00 0.00000E+00 0.00000E+00 0.00000E+00 0.00000E+00 0.00000E+00 0.00000E+00 0.00000E+00 0.00000E+00 0.00000E+00 0.00000E+00 0.00000E+00 0.00000E+00 0.00000E+00 0.00000E+00 0.00000E+00 0.00000E+00 0.00000E+00 0.00000E+00 0.00000E+00 0.00000E+00 0.00000E+00 0.00000E+00 0.00000E+00 0.00000E+00 0.00000E+00 0.00000E+00 0.00000E+00 0.00000E+00 0.00000E+00 0.00000E+00 0.00000E+00 0.00000E+00 0.00000E+00 0.00000E+00 % lost data
1.15956E+12 6.24810E+19 7.05030E+19 9.12656E+19 1.00551E+20 1.08078E+20 1.12649E+20 1.13634E+20 1.13750E+20 1.14495E+20 1.14515E+20 1.14306E+20 1.14466E+20 1.14311E+20 1.14248E+20 1.14235E+20 1.14435E+20 1.14100E+20 1.14412E+20 1.14255E+20 1.14072E+20 1.14097E+20 1.13999E+20 1.13986E+20 1.14258E+20 1.13798E+20 1.14124E+20 1.14189E+20 1.17296E+20 1.16321E+20 1.16314E+20 1.16257E+20 1.16218E+20 1.15895E+20 1.16074E+20 1.15546E+20 1.14927E+20 1.15067E+20 1.15091E+20 1.15029E+20 1.14844E+20 1.14813E+20 1.14214E+20 1.14552E+20 1.14442E+20 1.14441E+20 1.14548E+20 1.13854E+20 1.14156E+20 1.14047E+20 1.13930E+20 1.14105E+20 1.13918E+20 1.13968E+20 1.13857E+20 1.13426E+20 1.13185E+20 1.13323E+20 1.13275E+20 1.13239E+20 1.13250E+20 1.13181E+20 1.13507E+20 1.13359E+20 1.13245E+20 1.13091E+20 1.12638E+20 1.13197E+20 1.13131E+20 1.12847E+20 1.13258E+20 1.13320E+20 % total
];

