
ZAI = [
666
0
];

NAMES = [
'lost            '
'total           '
];

iLOST    = 1;
iTOT     = 2;

MAT_fuelsalt_VOLUME = [ 1.36700E+07 1.36700E+07 1.36700E+07 1.36700E+07 1.36700E+07 1.36700E+07 1.36700E+07 1.36700E+07 1.36700E+07 1.36700E+07 1.36700E+07 1.36700E+07 1.36700E+07 1.36700E+07 1.36700E+07 1.36700E+07 1.36700E+07 1.36700E+07 1.36700E+07 1.36700E+07 1.36700E+07 1.36700E+07 1.36700E+07 1.36700E+07 1.36700E+07 1.36700E+07 1.36700E+07 1.36700E+07 1.36700E+07 1.36700E+07 1.36700E+07 1.36700E+07 1.36700E+07 1.36700E+07 1.36700E+07 1.36700E+07 1.36700E+07 1.36700E+07 1.36700E+07 1.36700E+07 1.36700E+07 1.36700E+07 1.36700E+07 1.36700E+07 1.36700E+07 1.36700E+07 1.36700E+07 1.36700E+07 1.36700E+07 1.36700E+07 1.36700E+07 1.36700E+07 1.36700E+07 1.36700E+07 1.36700E+07 1.36700E+07 1.36700E+07 1.36700E+07 1.36700E+07 1.36700E+07 1.36700E+07 1.36700E+07 1.36700E+07 1.36700E+07 1.36700E+07 1.36700E+07 1.36700E+07 1.36700E+07 1.36700E+07 1.36700E+07 1.36700E+07 1.36700E+07 ];

MAT_fuelsalt_BURNUP = [ 0.00000E+00 0.00000E+00 0.00000E+00 0.00000E+00 0.00000E+00 0.00000E+00 0.00000E+00 0.00000E+00 0.00000E+00 0.00000E+00 0.00000E+00 0.00000E+00 0.00000E+00 0.00000E+00 0.00000E+00 0.00000E+00 0.00000E+00 0.00000E+00 0.00000E+00 0.00000E+00 0.00000E+00 0.00000E+00 0.00000E+00 0.00000E+00 0.00000E+00 0.00000E+00 0.00000E+00 0.00000E+00 0.00000E+00 0.00000E+00 0.00000E+00 0.00000E+00 0.00000E+00 0.00000E+00 0.00000E+00 0.00000E+00 0.00000E+00 0.00000E+00 0.00000E+00 0.00000E+00 0.00000E+00 0.00000E+00 0.00000E+00 0.00000E+00 0.00000E+00 0.00000E+00 0.00000E+00 0.00000E+00 0.00000E+00 0.00000E+00 0.00000E+00 0.00000E+00 0.00000E+00 0.00000E+00 0.00000E+00 0.00000E+00 0.00000E+00 0.00000E+00 0.00000E+00 0.00000E+00 0.00000E+00 0.00000E+00 0.00000E+00 0.00000E+00 0.00000E+00 0.00000E+00 0.00000E+00 0.00000E+00 0.00000E+00 0.00000E+00 0.00000E+00 0.00000E+00 ];

MAT_fuelsalt_ADENS = [
0.00000E+00 5.09960E-17 1.02292E-16 2.46972E-15 7.43162E-15 1.72896E-14 3.44676E-14 5.15345E-14 6.83500E-14 8.49056E-14 1.01323E-13 1.17526E-13 1.33589E-13 1.49500E-13 1.65266E-13 1.80948E-13 1.96531E-13 2.11937E-13 2.27284E-13 2.42544E-13 2.57639E-13 2.72806E-13 2.87724E-13 3.02671E-13 3.17569E-13 3.32361E-13 3.47141E-13 3.61693E-13 4.24623E-13 4.86340E-13 5.47422E-13 6.08223E-13 6.68320E-13 7.28080E-13 7.87304E-13 8.46571E-13 9.05419E-13 9.64018E-13 1.02262E-12 1.08079E-12 1.13859E-12 1.19711E-12 1.25560E-12 1.31379E-12 1.37142E-12 1.42942E-12 1.48682E-12 1.54405E-12 1.60117E-12 1.65819E-12 1.71588E-12 1.77335E-12 1.83102E-12 1.88776E-12 1.94597E-12 2.00323E-12 2.06048E-12 2.11817E-12 2.17489E-12 2.23254E-12 2.29003E-12 2.34767E-12 2.40513E-12 2.46219E-12 2.51954E-12 2.57736E-12 2.63415E-12 2.69219E-12 2.74922E-12 2.80672E-12 2.86374E-12 2.92071E-12 % lost data
6.51224E-02 6.51224E-02 6.51224E-02 6.51224E-02 6.51225E-02 6.51227E-02 6.51230E-02 6.51232E-02 6.51235E-02 6.51238E-02 6.51241E-02 6.51243E-02 6.51246E-02 6.51249E-02 6.51252E-02 6.51254E-02 6.51257E-02 6.51260E-02 6.51263E-02 6.51265E-02 6.51268E-02 6.51271E-02 6.51273E-02 6.51276E-02 6.51279E-02 6.51281E-02 6.51284E-02 6.51287E-02 6.51299E-02 6.51310E-02 6.51322E-02 6.51333E-02 6.51344E-02 6.51355E-02 6.51366E-02 6.51377E-02 6.51388E-02 6.51399E-02 6.51410E-02 6.51420E-02 6.51431E-02 6.51441E-02 6.51451E-02 6.51462E-02 6.51472E-02 6.51482E-02 6.51491E-02 6.51501E-02 6.51511E-02 6.51520E-02 6.51530E-02 6.51539E-02 6.51548E-02 6.51558E-02 6.51567E-02 6.51576E-02 6.51585E-02 6.51593E-02 6.51602E-02 6.51611E-02 6.51619E-02 6.51628E-02 6.51636E-02 6.51644E-02 6.51653E-02 6.51661E-02 6.51669E-02 6.51677E-02 6.51684E-02 6.51692E-02 6.51700E-02 6.51708E-02 % total
];

MAT_fuelsalt_MDENS = [
0.00000E+00 0.00000E+00 0.00000E+00 0.00000E+00 0.00000E+00 0.00000E+00 0.00000E+00 0.00000E+00 0.00000E+00 0.00000E+00 0.00000E+00 0.00000E+00 0.00000E+00 0.00000E+00 0.00000E+00 0.00000E+00 0.00000E+00 0.00000E+00 0.00000E+00 0.00000E+00 0.00000E+00 0.00000E+00 0.00000E+00 0.00000E+00 0.00000E+00 0.00000E+00 0.00000E+00 0.00000E+00 0.00000E+00 0.00000E+00 0.00000E+00 0.00000E+00 0.00000E+00 0.00000E+00 0.00000E+00 0.00000E+00 0.00000E+00 0.00000E+00 0.00000E+00 0.00000E+00 0.00000E+00 0.00000E+00 0.00000E+00 0.00000E+00 0.00000E+00 0.00000E+00 0.00000E+00 0.00000E+00 0.00000E+00 0.00000E+00 0.00000E+00 0.00000E+00 0.00000E+00 0.00000E+00 0.00000E+00 0.00000E+00 0.00000E+00 0.00000E+00 0.00000E+00 0.00000E+00 0.00000E+00 0.00000E+00 0.00000E+00 0.00000E+00 0.00000E+00 0.00000E+00 0.00000E+00 0.00000E+00 0.00000E+00 0.00000E+00 0.00000E+00 0.00000E+00 % lost data
3.28019E+00 3.28019E+00 3.28019E+00 3.28018E+00 3.28015E+00 3.28009E+00 3.27999E+00 3.27989E+00 3.27978E+00 3.27968E+00 3.27958E+00 3.27948E+00 3.27937E+00 3.27927E+00 3.27917E+00 3.27907E+00 3.27897E+00 3.27887E+00 3.27877E+00 3.27867E+00 3.27857E+00 3.27847E+00 3.27838E+00 3.27828E+00 3.27818E+00 3.27808E+00 3.27799E+00 3.27789E+00 3.27747E+00 3.27706E+00 3.27665E+00 3.27625E+00 3.27586E+00 3.27547E+00 3.27508E+00 3.27470E+00 3.27433E+00 3.27395E+00 3.27359E+00 3.27322E+00 3.27287E+00 3.27251E+00 3.27216E+00 3.27181E+00 3.27147E+00 3.27113E+00 3.27080E+00 3.27046E+00 3.27014E+00 3.26981E+00 3.26949E+00 3.26917E+00 3.26886E+00 3.26855E+00 3.26824E+00 3.26794E+00 3.26764E+00 3.26734E+00 3.26705E+00 3.26676E+00 3.26647E+00 3.26618E+00 3.26590E+00 3.26562E+00 3.26535E+00 3.26508E+00 3.26481E+00 3.26454E+00 3.26427E+00 3.26401E+00 3.26375E+00 3.26350E+00 % total
];

MAT_fuelsalt_A = [
0.00000E+00 0.00000E+00 0.00000E+00 0.00000E+00 0.00000E+00 0.00000E+00 0.00000E+00 0.00000E+00 0.00000E+00 0.00000E+00 0.00000E+00 0.00000E+00 0.00000E+00 0.00000E+00 0.00000E+00 0.00000E+00 0.00000E+00 0.00000E+00 0.00000E+00 0.00000E+00 0.00000E+00 0.00000E+00 0.00000E+00 0.00000E+00 0.00000E+00 0.00000E+00 0.00000E+00 0.00000E+00 0.00000E+00 0.00000E+00 0.00000E+00 0.00000E+00 0.00000E+00 0.00000E+00 0.00000E+00 0.00000E+00 0.00000E+00 0.00000E+00 0.00000E+00 0.00000E+00 0.00000E+00 0.00000E+00 0.00000E+00 0.00000E+00 0.00000E+00 0.00000E+00 0.00000E+00 0.00000E+00 0.00000E+00 0.00000E+00 0.00000E+00 0.00000E+00 0.00000E+00 0.00000E+00 0.00000E+00 0.00000E+00 0.00000E+00 0.00000E+00 0.00000E+00 0.00000E+00 0.00000E+00 0.00000E+00 0.00000E+00 0.00000E+00 0.00000E+00 0.00000E+00 0.00000E+00 0.00000E+00 0.00000E+00 0.00000E+00 0.00000E+00 0.00000E+00 % lost data
1.31843E+12 6.34538E+19 7.09916E+19 9.29186E+19 1.02446E+20 1.09092E+20 1.13398E+20 1.14289E+20 1.14739E+20 1.15111E+20 1.15286E+20 1.15524E+20 1.15442E+20 1.15388E+20 1.15369E+20 1.15421E+20 1.15194E+20 1.15154E+20 1.15296E+20 1.15394E+20 1.15369E+20 1.15163E+20 1.15193E+20 1.14779E+20 1.15260E+20 1.15163E+20 1.15304E+20 1.15303E+20 1.17654E+20 1.17201E+20 1.16895E+20 1.16672E+20 1.16374E+20 1.15926E+20 1.16029E+20 1.15954E+20 1.15438E+20 1.15683E+20 1.15113E+20 1.15104E+20 1.15240E+20 1.15151E+20 1.14867E+20 1.14819E+20 1.14500E+20 1.13999E+20 1.14668E+20 1.14205E+20 1.14203E+20 1.14131E+20 1.14197E+20 1.14196E+20 1.13794E+20 1.14123E+20 1.13752E+20 1.13519E+20 1.13687E+20 1.13555E+20 1.13620E+20 1.13575E+20 1.13490E+20 1.13414E+20 1.13133E+20 1.12740E+20 1.13212E+20 1.13229E+20 1.13187E+20 1.13278E+20 1.12994E+20 1.12902E+20 1.12634E+20 1.13170E+20 % total
];

