
ZAI = [
666
0
];

NAMES = [
'lost            '
'total           '
];

iLOST    = 1;
iTOT     = 2;

MAT_fuelsalt_VOLUME = [ 1.36700E+07 1.36700E+07 1.36700E+07 1.36700E+07 1.36700E+07 1.36700E+07 1.36700E+07 1.36700E+07 1.36700E+07 1.36700E+07 1.36700E+07 1.36700E+07 1.36700E+07 1.36700E+07 1.36700E+07 1.36700E+07 1.36700E+07 1.36700E+07 1.36700E+07 1.36700E+07 1.36700E+07 1.36700E+07 1.36700E+07 1.36700E+07 1.36700E+07 1.36700E+07 1.36700E+07 1.36700E+07 1.36700E+07 1.36700E+07 1.36700E+07 1.36700E+07 1.36700E+07 1.36700E+07 1.36700E+07 1.36700E+07 1.36700E+07 1.36700E+07 1.36700E+07 1.36700E+07 1.36700E+07 1.36700E+07 1.36700E+07 1.36700E+07 1.36700E+07 1.36700E+07 1.36700E+07 1.36700E+07 1.36700E+07 1.36700E+07 1.36700E+07 1.36700E+07 1.36700E+07 1.36700E+07 1.36700E+07 1.36700E+07 1.36700E+07 1.36700E+07 1.36700E+07 1.36700E+07 1.36700E+07 1.36700E+07 1.36700E+07 1.36700E+07 1.36700E+07 1.36700E+07 1.36700E+07 1.36700E+07 1.36700E+07 1.36700E+07 1.36700E+07 1.36700E+07 ];

MAT_fuelsalt_BURNUP = [ 0.00000E+00 0.00000E+00 0.00000E+00 0.00000E+00 0.00000E+00 0.00000E+00 0.00000E+00 0.00000E+00 0.00000E+00 0.00000E+00 0.00000E+00 0.00000E+00 0.00000E+00 0.00000E+00 0.00000E+00 0.00000E+00 0.00000E+00 0.00000E+00 0.00000E+00 0.00000E+00 0.00000E+00 0.00000E+00 0.00000E+00 0.00000E+00 0.00000E+00 0.00000E+00 0.00000E+00 0.00000E+00 0.00000E+00 0.00000E+00 0.00000E+00 0.00000E+00 0.00000E+00 0.00000E+00 0.00000E+00 0.00000E+00 0.00000E+00 0.00000E+00 0.00000E+00 0.00000E+00 0.00000E+00 0.00000E+00 0.00000E+00 0.00000E+00 0.00000E+00 0.00000E+00 0.00000E+00 0.00000E+00 0.00000E+00 0.00000E+00 0.00000E+00 0.00000E+00 0.00000E+00 0.00000E+00 0.00000E+00 0.00000E+00 0.00000E+00 0.00000E+00 0.00000E+00 0.00000E+00 0.00000E+00 0.00000E+00 0.00000E+00 0.00000E+00 0.00000E+00 0.00000E+00 0.00000E+00 0.00000E+00 0.00000E+00 0.00000E+00 0.00000E+00 0.00000E+00 ];

MAT_fuelsalt_ADENS = [
0.00000E+00 5.12997E-17 1.02628E-16 2.47127E-15 7.43060E-15 1.72375E-14 3.44157E-14 5.15102E-14 6.82768E-14 8.48741E-14 1.01238E-13 1.17460E-13 1.33467E-13 1.49323E-13 1.65158E-13 1.80818E-13 1.96363E-13 2.11958E-13 2.27256E-13 2.42503E-13 2.57638E-13 2.72798E-13 2.87829E-13 3.02755E-13 3.17631E-13 3.32450E-13 3.47205E-13 3.61833E-13 4.24369E-13 4.86130E-13 5.47599E-13 6.08187E-13 6.68530E-13 7.29097E-13 7.89152E-13 8.48159E-13 9.06623E-13 9.65776E-13 1.02436E-12 1.08312E-12 1.14086E-12 1.19919E-12 1.25803E-12 1.31611E-12 1.37453E-12 1.43237E-12 1.49044E-12 1.54819E-12 1.60663E-12 1.66473E-12 1.72244E-12 1.78033E-12 1.83805E-12 1.89597E-12 1.95392E-12 2.01175E-12 2.06913E-12 2.12659E-12 2.18433E-12 2.24185E-12 2.29952E-12 2.35695E-12 2.41451E-12 2.47182E-12 2.53014E-12 2.58848E-12 2.64638E-12 2.70407E-12 2.76198E-12 2.81956E-12 2.87718E-12 2.93496E-12 % lost data
6.51224E-02 6.51224E-02 6.51224E-02 6.51224E-02 6.51225E-02 6.51227E-02 6.51230E-02 6.51232E-02 6.51235E-02 6.51238E-02 6.51241E-02 6.51243E-02 6.51246E-02 6.51249E-02 6.51251E-02 6.51254E-02 6.51257E-02 6.51259E-02 6.51262E-02 6.51265E-02 6.51267E-02 6.51270E-02 6.51273E-02 6.51275E-02 6.51278E-02 6.51280E-02 6.51283E-02 6.51286E-02 6.51297E-02 6.51308E-02 6.51319E-02 6.51329E-02 6.51340E-02 6.51350E-02 6.51360E-02 6.51371E-02 6.51380E-02 6.51390E-02 6.51400E-02 6.51409E-02 6.51418E-02 6.51427E-02 6.51436E-02 6.51445E-02 6.51454E-02 6.51462E-02 6.51470E-02 6.51479E-02 6.51487E-02 6.51495E-02 6.51502E-02 6.51510E-02 6.51518E-02 6.51525E-02 6.51532E-02 6.51539E-02 6.51546E-02 6.51553E-02 6.51560E-02 6.51567E-02 6.51573E-02 6.51580E-02 6.51586E-02 6.51592E-02 6.51598E-02 6.51604E-02 6.51610E-02 6.51616E-02 6.51622E-02 6.51627E-02 6.51633E-02 6.51638E-02 % total
];

MAT_fuelsalt_MDENS = [
0.00000E+00 0.00000E+00 0.00000E+00 0.00000E+00 0.00000E+00 0.00000E+00 0.00000E+00 0.00000E+00 0.00000E+00 0.00000E+00 0.00000E+00 0.00000E+00 0.00000E+00 0.00000E+00 0.00000E+00 0.00000E+00 0.00000E+00 0.00000E+00 0.00000E+00 0.00000E+00 0.00000E+00 0.00000E+00 0.00000E+00 0.00000E+00 0.00000E+00 0.00000E+00 0.00000E+00 0.00000E+00 0.00000E+00 0.00000E+00 0.00000E+00 0.00000E+00 0.00000E+00 0.00000E+00 0.00000E+00 0.00000E+00 0.00000E+00 0.00000E+00 0.00000E+00 0.00000E+00 0.00000E+00 0.00000E+00 0.00000E+00 0.00000E+00 0.00000E+00 0.00000E+00 0.00000E+00 0.00000E+00 0.00000E+00 0.00000E+00 0.00000E+00 0.00000E+00 0.00000E+00 0.00000E+00 0.00000E+00 0.00000E+00 0.00000E+00 0.00000E+00 0.00000E+00 0.00000E+00 0.00000E+00 0.00000E+00 0.00000E+00 0.00000E+00 0.00000E+00 0.00000E+00 0.00000E+00 0.00000E+00 0.00000E+00 0.00000E+00 0.00000E+00 0.00000E+00 % lost data
3.28019E+00 3.28019E+00 3.28019E+00 3.28018E+00 3.28015E+00 3.28009E+00 3.27999E+00 3.27989E+00 3.27979E+00 3.27968E+00 3.27958E+00 3.27948E+00 3.27938E+00 3.27928E+00 3.27918E+00 3.27908E+00 3.27898E+00 3.27889E+00 3.27879E+00 3.27869E+00 3.27860E+00 3.27850E+00 3.27841E+00 3.27831E+00 3.27822E+00 3.27812E+00 3.27803E+00 3.27794E+00 3.27754E+00 3.27714E+00 3.27676E+00 3.27639E+00 3.27602E+00 3.27566E+00 3.27530E+00 3.27496E+00 3.27462E+00 3.27428E+00 3.27396E+00 3.27363E+00 3.27332E+00 3.27301E+00 3.27270E+00 3.27241E+00 3.27211E+00 3.27182E+00 3.27154E+00 3.27126E+00 3.27099E+00 3.27072E+00 3.27046E+00 3.27020E+00 3.26995E+00 3.26970E+00 3.26946E+00 3.26922E+00 3.26898E+00 3.26875E+00 3.26852E+00 3.26830E+00 3.26808E+00 3.26786E+00 3.26765E+00 3.26744E+00 3.26724E+00 3.26704E+00 3.26684E+00 3.26664E+00 3.26645E+00 3.26627E+00 3.26608E+00 3.26590E+00 % total
];

MAT_fuelsalt_A = [
0.00000E+00 0.00000E+00 0.00000E+00 0.00000E+00 0.00000E+00 0.00000E+00 0.00000E+00 0.00000E+00 0.00000E+00 0.00000E+00 0.00000E+00 0.00000E+00 0.00000E+00 0.00000E+00 0.00000E+00 0.00000E+00 0.00000E+00 0.00000E+00 0.00000E+00 0.00000E+00 0.00000E+00 0.00000E+00 0.00000E+00 0.00000E+00 0.00000E+00 0.00000E+00 0.00000E+00 0.00000E+00 0.00000E+00 0.00000E+00 0.00000E+00 0.00000E+00 0.00000E+00 0.00000E+00 0.00000E+00 0.00000E+00 0.00000E+00 0.00000E+00 0.00000E+00 0.00000E+00 0.00000E+00 0.00000E+00 0.00000E+00 0.00000E+00 0.00000E+00 0.00000E+00 0.00000E+00 0.00000E+00 0.00000E+00 0.00000E+00 0.00000E+00 0.00000E+00 0.00000E+00 0.00000E+00 0.00000E+00 0.00000E+00 0.00000E+00 0.00000E+00 0.00000E+00 0.00000E+00 0.00000E+00 0.00000E+00 0.00000E+00 0.00000E+00 0.00000E+00 0.00000E+00 0.00000E+00 0.00000E+00 0.00000E+00 0.00000E+00 0.00000E+00 0.00000E+00 % lost data
1.31843E+12 6.33941E+19 7.09540E+19 9.27913E+19 1.02523E+20 1.09412E+20 1.13218E+20 1.14467E+20 1.14601E+20 1.14957E+20 1.15303E+20 1.15076E+20 1.15171E+20 1.15154E+20 1.15453E+20 1.15360E+20 1.15075E+20 1.15385E+20 1.15253E+20 1.15383E+20 1.15119E+20 1.15222E+20 1.15247E+20 1.15169E+20 1.15132E+20 1.15189E+20 1.15072E+20 1.14709E+20 1.17104E+20 1.16827E+20 1.16709E+20 1.16344E+20 1.16155E+20 1.15824E+20 1.15688E+20 1.15855E+20 1.15537E+20 1.15558E+20 1.14954E+20 1.15152E+20 1.14651E+20 1.14882E+20 1.14417E+20 1.14929E+20 1.14533E+20 1.14560E+20 1.14235E+20 1.14192E+20 1.14209E+20 1.14405E+20 1.14218E+20 1.13995E+20 1.14113E+20 1.13843E+20 1.13793E+20 1.14064E+20 1.13714E+20 1.13702E+20 1.13701E+20 1.13571E+20 1.13326E+20 1.13820E+20 1.13527E+20 1.13227E+20 1.13327E+20 1.13376E+20 1.13435E+20 1.12974E+20 1.13111E+20 1.13085E+20 1.13090E+20 1.13044E+20 % total
];

