
ZAI = [
666
0
];

NAMES = [
'lost            '
'total           '
];

iLOST    = 1;
iTOT     = 2;

MAT_fuelsalt_VOLUME = [ 1.36700E+07 1.36700E+07 1.36700E+07 1.36700E+07 1.36700E+07 1.36700E+07 1.36700E+07 1.36700E+07 1.36700E+07 1.36700E+07 1.36700E+07 1.36700E+07 1.36700E+07 1.36700E+07 1.36700E+07 1.36700E+07 1.36700E+07 1.36700E+07 1.36700E+07 1.36700E+07 1.36700E+07 1.36700E+07 1.36700E+07 1.36700E+07 1.36700E+07 1.36700E+07 1.36700E+07 1.36700E+07 1.36700E+07 1.36700E+07 1.36700E+07 1.36700E+07 1.36700E+07 1.36700E+07 1.36700E+07 1.36700E+07 1.36700E+07 1.36700E+07 1.36700E+07 1.36700E+07 1.36700E+07 1.36700E+07 1.36700E+07 1.36700E+07 1.36700E+07 1.36700E+07 1.36700E+07 1.36700E+07 1.36700E+07 1.36700E+07 1.36700E+07 1.36700E+07 1.36700E+07 1.36700E+07 1.36700E+07 1.36700E+07 1.36700E+07 1.36700E+07 1.36700E+07 1.36700E+07 1.36700E+07 1.36700E+07 1.36700E+07 1.36700E+07 1.36700E+07 1.36700E+07 1.36700E+07 1.36700E+07 1.36700E+07 1.36700E+07 1.36700E+07 1.36700E+07 ];

MAT_fuelsalt_BURNUP = [ 0.00000E+00 0.00000E+00 0.00000E+00 0.00000E+00 0.00000E+00 0.00000E+00 0.00000E+00 0.00000E+00 0.00000E+00 0.00000E+00 0.00000E+00 0.00000E+00 0.00000E+00 0.00000E+00 0.00000E+00 0.00000E+00 0.00000E+00 0.00000E+00 0.00000E+00 0.00000E+00 0.00000E+00 0.00000E+00 0.00000E+00 0.00000E+00 0.00000E+00 0.00000E+00 0.00000E+00 0.00000E+00 0.00000E+00 0.00000E+00 0.00000E+00 0.00000E+00 0.00000E+00 0.00000E+00 0.00000E+00 0.00000E+00 0.00000E+00 0.00000E+00 0.00000E+00 0.00000E+00 0.00000E+00 0.00000E+00 0.00000E+00 0.00000E+00 0.00000E+00 0.00000E+00 0.00000E+00 0.00000E+00 0.00000E+00 0.00000E+00 0.00000E+00 0.00000E+00 0.00000E+00 0.00000E+00 0.00000E+00 0.00000E+00 0.00000E+00 0.00000E+00 0.00000E+00 0.00000E+00 0.00000E+00 0.00000E+00 0.00000E+00 0.00000E+00 0.00000E+00 0.00000E+00 0.00000E+00 0.00000E+00 0.00000E+00 0.00000E+00 0.00000E+00 0.00000E+00 ];

MAT_fuelsalt_ADENS = [
0.00000E+00 5.41087E-17 1.08010E-16 2.61458E-15 7.85465E-15 1.84810E-14 3.69656E-14 5.49897E-14 7.26309E-14 8.99930E-14 1.07216E-13 1.24193E-13 1.41229E-13 1.58085E-13 1.74797E-13 1.91508E-13 2.08225E-13 2.24877E-13 2.41465E-13 2.58108E-13 2.74646E-13 2.91279E-13 3.07865E-13 3.24451E-13 3.41020E-13 3.57554E-13 3.74133E-13 3.90661E-13 4.61769E-13 5.32431E-13 6.03172E-13 6.73908E-13 7.44435E-13 8.15202E-13 8.85433E-13 9.56175E-13 1.02695E-12 1.09757E-12 1.16816E-12 1.23897E-12 1.31003E-12 1.38102E-12 1.45197E-12 1.52225E-12 1.59289E-12 1.66310E-12 1.73406E-12 1.80482E-12 1.87565E-12 1.94660E-12 2.01744E-12 2.08849E-12 2.15937E-12 2.23022E-12 2.30104E-12 2.37171E-12 2.44227E-12 2.51311E-12 2.58396E-12 2.65497E-12 2.72546E-12 2.79621E-12 2.86690E-12 2.93752E-12 3.00832E-12 3.07935E-12 3.15024E-12 3.22114E-12 3.29210E-12 3.36293E-12 3.43383E-12 3.50461E-12 % lost data
7.97438E-02 7.97438E-02 7.97438E-02 7.97438E-02 7.97439E-02 7.97441E-02 7.97443E-02 7.97445E-02 7.97446E-02 7.97448E-02 7.97449E-02 7.97450E-02 7.97450E-02 7.97451E-02 7.97452E-02 7.97452E-02 7.97452E-02 7.97453E-02 7.97453E-02 7.97453E-02 7.97453E-02 7.97454E-02 7.97454E-02 7.97454E-02 7.97454E-02 7.97454E-02 7.97454E-02 7.97454E-02 7.97454E-02 7.97455E-02 7.97455E-02 7.97455E-02 7.97455E-02 7.97455E-02 7.97455E-02 7.97455E-02 7.97455E-02 7.97455E-02 7.97455E-02 7.97455E-02 7.97455E-02 7.97455E-02 7.97455E-02 7.97455E-02 7.97455E-02 7.97455E-02 7.97455E-02 7.97455E-02 7.97455E-02 7.97455E-02 7.97455E-02 7.97455E-02 7.97455E-02 7.97455E-02 7.97455E-02 7.97455E-02 7.97455E-02 7.97455E-02 7.97455E-02 7.97455E-02 7.97455E-02 7.97455E-02 7.97455E-02 7.97455E-02 7.97455E-02 7.97455E-02 7.97455E-02 7.97455E-02 7.97455E-02 7.97455E-02 7.97455E-02 7.97455E-02 % total
];

MAT_fuelsalt_MDENS = [
0.00000E+00 0.00000E+00 0.00000E+00 0.00000E+00 0.00000E+00 0.00000E+00 0.00000E+00 0.00000E+00 0.00000E+00 0.00000E+00 0.00000E+00 0.00000E+00 0.00000E+00 0.00000E+00 0.00000E+00 0.00000E+00 0.00000E+00 0.00000E+00 0.00000E+00 0.00000E+00 0.00000E+00 0.00000E+00 0.00000E+00 0.00000E+00 0.00000E+00 0.00000E+00 0.00000E+00 0.00000E+00 0.00000E+00 0.00000E+00 0.00000E+00 0.00000E+00 0.00000E+00 0.00000E+00 0.00000E+00 0.00000E+00 0.00000E+00 0.00000E+00 0.00000E+00 0.00000E+00 0.00000E+00 0.00000E+00 0.00000E+00 0.00000E+00 0.00000E+00 0.00000E+00 0.00000E+00 0.00000E+00 0.00000E+00 0.00000E+00 0.00000E+00 0.00000E+00 0.00000E+00 0.00000E+00 0.00000E+00 0.00000E+00 0.00000E+00 0.00000E+00 0.00000E+00 0.00000E+00 0.00000E+00 0.00000E+00 0.00000E+00 0.00000E+00 0.00000E+00 0.00000E+00 0.00000E+00 0.00000E+00 0.00000E+00 0.00000E+00 0.00000E+00 0.00000E+00 % lost data
3.35931E+00 3.35931E+00 3.35931E+00 3.35929E+00 3.35924E+00 3.35914E+00 3.35899E+00 3.35886E+00 3.35875E+00 3.35866E+00 3.35858E+00 3.35851E+00 3.35846E+00 3.35841E+00 3.35837E+00 3.35834E+00 3.35831E+00 3.35828E+00 3.35826E+00 3.35825E+00 3.35823E+00 3.35822E+00 3.35821E+00 3.35820E+00 3.35819E+00 3.35819E+00 3.35818E+00 3.35818E+00 3.35816E+00 3.35816E+00 3.35816E+00 3.35815E+00 3.35815E+00 3.35815E+00 3.35815E+00 3.35815E+00 3.35815E+00 3.35815E+00 3.35815E+00 3.35815E+00 3.35815E+00 3.35815E+00 3.35815E+00 3.35815E+00 3.35815E+00 3.35815E+00 3.35815E+00 3.35815E+00 3.35815E+00 3.35815E+00 3.35815E+00 3.35815E+00 3.35815E+00 3.35815E+00 3.35815E+00 3.35815E+00 3.35815E+00 3.35815E+00 3.35815E+00 3.35815E+00 3.35815E+00 3.35815E+00 3.35815E+00 3.35815E+00 3.35815E+00 3.35815E+00 3.35815E+00 3.35815E+00 3.35815E+00 3.35815E+00 3.35815E+00 3.35815E+00 % total
];

MAT_fuelsalt_A = [
0.00000E+00 0.00000E+00 0.00000E+00 0.00000E+00 0.00000E+00 0.00000E+00 0.00000E+00 0.00000E+00 0.00000E+00 0.00000E+00 0.00000E+00 0.00000E+00 0.00000E+00 0.00000E+00 0.00000E+00 0.00000E+00 0.00000E+00 0.00000E+00 0.00000E+00 0.00000E+00 0.00000E+00 0.00000E+00 0.00000E+00 0.00000E+00 0.00000E+00 0.00000E+00 0.00000E+00 0.00000E+00 0.00000E+00 0.00000E+00 0.00000E+00 0.00000E+00 0.00000E+00 0.00000E+00 0.00000E+00 0.00000E+00 0.00000E+00 0.00000E+00 0.00000E+00 0.00000E+00 0.00000E+00 0.00000E+00 0.00000E+00 0.00000E+00 0.00000E+00 0.00000E+00 0.00000E+00 0.00000E+00 0.00000E+00 0.00000E+00 0.00000E+00 0.00000E+00 0.00000E+00 0.00000E+00 0.00000E+00 0.00000E+00 0.00000E+00 0.00000E+00 0.00000E+00 0.00000E+00 0.00000E+00 0.00000E+00 0.00000E+00 0.00000E+00 0.00000E+00 0.00000E+00 0.00000E+00 0.00000E+00 0.00000E+00 0.00000E+00 0.00000E+00 0.00000E+00 % lost data
1.15956E+12 6.25861E+19 7.05380E+19 9.30053E+19 1.03419E+20 1.12812E+20 1.17652E+20 1.13765E+20 1.11228E+20 1.09299E+20 1.08053E+20 1.06819E+20 1.06010E+20 1.05151E+20 1.04557E+20 1.04285E+20 1.03865E+20 1.03677E+20 1.03192E+20 1.03089E+20 1.02852E+20 1.02549E+20 1.02439E+20 1.02488E+20 1.02767E+20 1.02184E+20 1.02267E+20 1.02304E+20 1.02605E+20 1.02367E+20 1.02068E+20 1.02183E+20 1.01869E+20 1.01860E+20 1.02034E+20 1.01928E+20 1.02001E+20 1.01959E+20 1.01857E+20 1.02133E+20 1.02073E+20 1.01933E+20 1.01985E+20 1.01925E+20 1.01843E+20 1.01933E+20 1.02040E+20 1.01875E+20 1.01968E+20 1.01896E+20 1.02006E+20 1.01836E+20 1.02133E+20 1.02046E+20 1.01950E+20 1.01795E+20 1.02172E+20 1.01865E+20 1.01711E+20 1.02185E+20 1.02134E+20 1.02099E+20 1.02183E+20 1.02285E+20 1.01764E+20 1.02107E+20 1.02010E+20 1.01899E+20 1.01713E+20 1.01807E+20 1.02055E+20 1.01721E+20 % total
];

