
ZAI = [
666
0
];

NAMES = [
'lost            '
'total           '
];

iLOST    = 1;
iTOT     = 2;

MAT_fuelsalt_VOLUME = [ 1.36700E+07 1.36700E+07 1.36700E+07 1.36700E+07 1.36700E+07 1.36700E+07 1.36700E+07 1.36700E+07 1.36700E+07 1.36700E+07 1.36700E+07 1.36700E+07 1.36700E+07 1.36700E+07 1.36700E+07 1.36700E+07 1.36700E+07 1.36700E+07 1.36700E+07 1.36700E+07 1.36700E+07 1.36700E+07 1.36700E+07 1.36700E+07 1.36700E+07 1.36700E+07 1.36700E+07 1.36700E+07 1.36700E+07 1.36700E+07 1.36700E+07 1.36700E+07 1.36700E+07 1.36700E+07 1.36700E+07 1.36700E+07 1.36700E+07 1.36700E+07 1.36700E+07 1.36700E+07 1.36700E+07 1.36700E+07 1.36700E+07 1.36700E+07 1.36700E+07 1.36700E+07 1.36700E+07 1.36700E+07 1.36700E+07 1.36700E+07 1.36700E+07 1.36700E+07 1.36700E+07 1.36700E+07 1.36700E+07 1.36700E+07 1.36700E+07 1.36700E+07 1.36700E+07 1.36700E+07 1.36700E+07 1.36700E+07 1.36700E+07 1.36700E+07 1.36700E+07 1.36700E+07 1.36700E+07 1.36700E+07 1.36700E+07 1.36700E+07 1.36700E+07 1.36700E+07 ];

MAT_fuelsalt_BURNUP = [ 0.00000E+00 0.00000E+00 0.00000E+00 0.00000E+00 0.00000E+00 0.00000E+00 0.00000E+00 0.00000E+00 0.00000E+00 0.00000E+00 0.00000E+00 0.00000E+00 0.00000E+00 0.00000E+00 0.00000E+00 0.00000E+00 0.00000E+00 0.00000E+00 0.00000E+00 0.00000E+00 0.00000E+00 0.00000E+00 0.00000E+00 0.00000E+00 0.00000E+00 0.00000E+00 0.00000E+00 0.00000E+00 0.00000E+00 0.00000E+00 0.00000E+00 0.00000E+00 0.00000E+00 0.00000E+00 0.00000E+00 0.00000E+00 0.00000E+00 0.00000E+00 0.00000E+00 0.00000E+00 0.00000E+00 0.00000E+00 0.00000E+00 0.00000E+00 0.00000E+00 0.00000E+00 0.00000E+00 0.00000E+00 0.00000E+00 0.00000E+00 0.00000E+00 0.00000E+00 0.00000E+00 0.00000E+00 0.00000E+00 0.00000E+00 0.00000E+00 0.00000E+00 0.00000E+00 0.00000E+00 0.00000E+00 0.00000E+00 0.00000E+00 0.00000E+00 0.00000E+00 0.00000E+00 0.00000E+00 0.00000E+00 0.00000E+00 0.00000E+00 0.00000E+00 0.00000E+00 ];

MAT_fuelsalt_ADENS = [
0.00000E+00 5.16029E-17 1.02852E-16 2.46735E-15 7.38780E-15 1.72297E-14 3.44310E-14 5.13248E-14 6.80884E-14 8.46625E-14 1.00968E-13 1.17242E-13 1.33321E-13 1.49230E-13 1.65088E-13 1.80783E-13 1.96465E-13 2.12023E-13 2.27503E-13 2.42738E-13 2.58140E-13 2.73341E-13 2.88361E-13 3.03311E-13 3.18269E-13 3.33199E-13 3.48066E-13 3.62868E-13 4.26506E-13 4.89365E-13 5.51258E-13 6.13157E-13 6.74481E-13 7.35351E-13 7.96505E-13 8.57197E-13 9.17694E-13 9.78023E-13 1.03807E-12 1.09821E-12 1.15848E-12 1.21860E-12 1.27884E-12 1.33852E-12 1.39797E-12 1.45768E-12 1.51783E-12 1.57763E-12 1.63793E-12 1.69744E-12 1.75760E-12 1.81749E-12 1.87746E-12 1.93731E-12 1.99667E-12 2.05648E-12 2.11654E-12 2.17657E-12 2.23633E-12 2.29606E-12 2.35571E-12 2.41503E-12 2.47501E-12 2.53459E-12 2.59460E-12 2.65423E-12 2.71430E-12 2.77391E-12 2.83358E-12 2.89365E-12 2.95359E-12 3.01324E-12 % lost data
6.51224E-02 6.51224E-02 6.51224E-02 6.51224E-02 6.51225E-02 6.51227E-02 6.51230E-02 6.51232E-02 6.51235E-02 6.51238E-02 6.51240E-02 6.51243E-02 6.51245E-02 6.51248E-02 6.51250E-02 6.51253E-02 6.51255E-02 6.51257E-02 6.51260E-02 6.51262E-02 6.51264E-02 6.51267E-02 6.51269E-02 6.51271E-02 6.51273E-02 6.51275E-02 6.51278E-02 6.51280E-02 6.51289E-02 6.51297E-02 6.51305E-02 6.51313E-02 6.51320E-02 6.51327E-02 6.51333E-02 6.51339E-02 6.51345E-02 6.51350E-02 6.51355E-02 6.51360E-02 6.51365E-02 6.51369E-02 6.51373E-02 6.51377E-02 6.51381E-02 6.51384E-02 6.51388E-02 6.51391E-02 6.51394E-02 6.51396E-02 6.51399E-02 6.51401E-02 6.51404E-02 6.51406E-02 6.51408E-02 6.51410E-02 6.51412E-02 6.51414E-02 6.51415E-02 6.51417E-02 6.51418E-02 6.51420E-02 6.51421E-02 6.51423E-02 6.51424E-02 6.51425E-02 6.51426E-02 6.51427E-02 6.51428E-02 6.51429E-02 6.51430E-02 6.51430E-02 % total
];

MAT_fuelsalt_MDENS = [
0.00000E+00 0.00000E+00 0.00000E+00 0.00000E+00 0.00000E+00 0.00000E+00 0.00000E+00 0.00000E+00 0.00000E+00 0.00000E+00 0.00000E+00 0.00000E+00 0.00000E+00 0.00000E+00 0.00000E+00 0.00000E+00 0.00000E+00 0.00000E+00 0.00000E+00 0.00000E+00 0.00000E+00 0.00000E+00 0.00000E+00 0.00000E+00 0.00000E+00 0.00000E+00 0.00000E+00 0.00000E+00 0.00000E+00 0.00000E+00 0.00000E+00 0.00000E+00 0.00000E+00 0.00000E+00 0.00000E+00 0.00000E+00 0.00000E+00 0.00000E+00 0.00000E+00 0.00000E+00 0.00000E+00 0.00000E+00 0.00000E+00 0.00000E+00 0.00000E+00 0.00000E+00 0.00000E+00 0.00000E+00 0.00000E+00 0.00000E+00 0.00000E+00 0.00000E+00 0.00000E+00 0.00000E+00 0.00000E+00 0.00000E+00 0.00000E+00 0.00000E+00 0.00000E+00 0.00000E+00 0.00000E+00 0.00000E+00 0.00000E+00 0.00000E+00 0.00000E+00 0.00000E+00 0.00000E+00 0.00000E+00 0.00000E+00 0.00000E+00 0.00000E+00 0.00000E+00 % lost data
3.28019E+00 3.28019E+00 3.28019E+00 3.28018E+00 3.28015E+00 3.28009E+00 3.27999E+00 3.27989E+00 3.27980E+00 3.27970E+00 3.27960E+00 3.27951E+00 3.27941E+00 3.27932E+00 3.27923E+00 3.27914E+00 3.27905E+00 3.27897E+00 3.27888E+00 3.27880E+00 3.27871E+00 3.27863E+00 3.27855E+00 3.27847E+00 3.27839E+00 3.27832E+00 3.27824E+00 3.27816E+00 3.27785E+00 3.27755E+00 3.27727E+00 3.27701E+00 3.27676E+00 3.27653E+00 3.27631E+00 3.27610E+00 3.27591E+00 3.27572E+00 3.27555E+00 3.27538E+00 3.27523E+00 3.27508E+00 3.27494E+00 3.27481E+00 3.27469E+00 3.27457E+00 3.27446E+00 3.27436E+00 3.27426E+00 3.27417E+00 3.27408E+00 3.27400E+00 3.27392E+00 3.27385E+00 3.27378E+00 3.27372E+00 3.27365E+00 3.27360E+00 3.27354E+00 3.27349E+00 3.27344E+00 3.27339E+00 3.27335E+00 3.27331E+00 3.27327E+00 3.27323E+00 3.27320E+00 3.27316E+00 3.27313E+00 3.27310E+00 3.27308E+00 3.27305E+00 % total
];

MAT_fuelsalt_A = [
0.00000E+00 0.00000E+00 0.00000E+00 0.00000E+00 0.00000E+00 0.00000E+00 0.00000E+00 0.00000E+00 0.00000E+00 0.00000E+00 0.00000E+00 0.00000E+00 0.00000E+00 0.00000E+00 0.00000E+00 0.00000E+00 0.00000E+00 0.00000E+00 0.00000E+00 0.00000E+00 0.00000E+00 0.00000E+00 0.00000E+00 0.00000E+00 0.00000E+00 0.00000E+00 0.00000E+00 0.00000E+00 0.00000E+00 0.00000E+00 0.00000E+00 0.00000E+00 0.00000E+00 0.00000E+00 0.00000E+00 0.00000E+00 0.00000E+00 0.00000E+00 0.00000E+00 0.00000E+00 0.00000E+00 0.00000E+00 0.00000E+00 0.00000E+00 0.00000E+00 0.00000E+00 0.00000E+00 0.00000E+00 0.00000E+00 0.00000E+00 0.00000E+00 0.00000E+00 0.00000E+00 0.00000E+00 0.00000E+00 0.00000E+00 0.00000E+00 0.00000E+00 0.00000E+00 0.00000E+00 0.00000E+00 0.00000E+00 0.00000E+00 0.00000E+00 0.00000E+00 0.00000E+00 0.00000E+00 0.00000E+00 0.00000E+00 0.00000E+00 0.00000E+00 0.00000E+00 % lost data
1.31843E+12 6.33401E+19 7.08856E+19 9.28501E+19 1.02441E+20 1.09062E+20 1.13286E+20 1.13922E+20 1.14679E+20 1.14952E+20 1.14878E+20 1.15062E+20 1.15121E+20 1.15042E+20 1.15037E+20 1.15018E+20 1.15228E+20 1.15302E+20 1.15053E+20 1.14971E+20 1.14727E+20 1.14789E+20 1.14807E+20 1.15159E+20 1.14845E+20 1.15270E+20 1.14826E+20 1.15062E+20 1.16385E+20 1.15990E+20 1.16141E+20 1.15914E+20 1.15799E+20 1.15245E+20 1.14948E+20 1.15263E+20 1.15244E+20 1.14475E+20 1.14774E+20 1.14378E+20 1.14367E+20 1.14413E+20 1.14615E+20 1.14439E+20 1.14356E+20 1.14013E+20 1.14078E+20 1.14002E+20 1.14257E+20 1.14005E+20 1.14281E+20 1.13702E+20 1.14198E+20 1.13757E+20 1.13785E+20 1.13852E+20 1.13735E+20 1.13919E+20 1.13966E+20 1.13779E+20 1.13789E+20 1.13657E+20 1.14016E+20 1.13898E+20 1.13603E+20 1.13425E+20 1.13728E+20 1.13556E+20 1.13829E+20 1.13378E+20 1.13758E+20 1.13957E+20 % total
];

