
ZAI = [
666
0
];

NAMES = [
'lost            '
'total           '
];

iLOST    = 1;
iTOT     = 2;

MAT_fuelsalt_VOLUME = [ 1.36700E+07 1.36700E+07 1.36700E+07 1.36700E+07 1.36700E+07 1.36700E+07 1.36700E+07 1.36700E+07 1.36700E+07 1.36700E+07 1.36700E+07 1.36700E+07 1.36700E+07 1.36700E+07 1.36700E+07 1.36700E+07 1.36700E+07 1.36700E+07 1.36700E+07 1.36700E+07 1.36700E+07 1.36700E+07 1.36700E+07 1.36700E+07 1.36700E+07 1.36700E+07 1.36700E+07 1.36700E+07 1.36700E+07 1.36700E+07 1.36700E+07 1.36700E+07 1.36700E+07 1.36700E+07 1.36700E+07 1.36700E+07 1.36700E+07 1.36700E+07 1.36700E+07 1.36700E+07 1.36700E+07 1.36700E+07 1.36700E+07 1.36700E+07 1.36700E+07 1.36700E+07 1.36700E+07 1.36700E+07 1.36700E+07 1.36700E+07 1.36700E+07 1.36700E+07 1.36700E+07 1.36700E+07 1.36700E+07 1.36700E+07 1.36700E+07 1.36700E+07 1.36700E+07 1.36700E+07 1.36700E+07 1.36700E+07 1.36700E+07 1.36700E+07 1.36700E+07 1.36700E+07 1.36700E+07 1.36700E+07 1.36700E+07 1.36700E+07 1.36700E+07 1.36700E+07 ];

MAT_fuelsalt_BURNUP = [ 0.00000E+00 0.00000E+00 0.00000E+00 0.00000E+00 0.00000E+00 0.00000E+00 0.00000E+00 0.00000E+00 0.00000E+00 0.00000E+00 0.00000E+00 0.00000E+00 0.00000E+00 0.00000E+00 0.00000E+00 0.00000E+00 0.00000E+00 0.00000E+00 0.00000E+00 0.00000E+00 0.00000E+00 0.00000E+00 0.00000E+00 0.00000E+00 0.00000E+00 0.00000E+00 0.00000E+00 0.00000E+00 0.00000E+00 0.00000E+00 0.00000E+00 0.00000E+00 0.00000E+00 0.00000E+00 0.00000E+00 0.00000E+00 0.00000E+00 0.00000E+00 0.00000E+00 0.00000E+00 0.00000E+00 0.00000E+00 0.00000E+00 0.00000E+00 0.00000E+00 0.00000E+00 0.00000E+00 0.00000E+00 0.00000E+00 0.00000E+00 0.00000E+00 0.00000E+00 0.00000E+00 0.00000E+00 0.00000E+00 0.00000E+00 0.00000E+00 0.00000E+00 0.00000E+00 0.00000E+00 0.00000E+00 0.00000E+00 0.00000E+00 0.00000E+00 0.00000E+00 0.00000E+00 0.00000E+00 0.00000E+00 0.00000E+00 0.00000E+00 0.00000E+00 0.00000E+00 ];

MAT_fuelsalt_ADENS = [
0.00000E+00 5.12716E-17 1.02671E-16 2.47678E-15 7.40457E-15 1.72270E-14 3.44074E-14 5.13133E-14 6.81392E-14 8.47775E-14 1.01173E-13 1.17344E-13 1.33308E-13 1.49065E-13 1.64854E-13 1.80498E-13 1.95998E-13 2.11490E-13 2.26687E-13 2.41940E-13 2.57024E-13 2.72070E-13 2.87087E-13 3.02003E-13 3.16761E-13 3.31556E-13 3.46273E-13 3.61000E-13 4.23380E-13 4.85526E-13 5.46254E-13 6.07481E-13 6.67408E-13 7.27081E-13 7.85929E-13 8.44538E-13 9.03553E-13 9.62044E-13 1.02057E-12 1.07840E-12 1.13623E-12 1.19393E-12 1.25124E-12 1.30831E-12 1.36599E-12 1.42338E-12 1.48081E-12 1.53826E-12 1.59543E-12 1.65318E-12 1.71050E-12 1.76742E-12 1.82397E-12 1.88061E-12 1.93771E-12 1.99437E-12 2.05138E-12 2.10889E-12 2.16651E-12 2.22388E-12 2.28110E-12 2.33808E-12 2.39528E-12 2.45288E-12 2.50953E-12 2.56683E-12 2.62419E-12 2.68120E-12 2.73783E-12 2.79557E-12 2.85284E-12 2.91062E-12 % lost data
6.51224E-02 6.51224E-02 6.51224E-02 6.51224E-02 6.51225E-02 6.51227E-02 6.51230E-02 6.51232E-02 6.51235E-02 6.51238E-02 6.51241E-02 6.51243E-02 6.51246E-02 6.51249E-02 6.51251E-02 6.51254E-02 6.51257E-02 6.51260E-02 6.51262E-02 6.51265E-02 6.51268E-02 6.51270E-02 6.51273E-02 6.51276E-02 6.51278E-02 6.51281E-02 6.51284E-02 6.51286E-02 6.51298E-02 6.51309E-02 6.51320E-02 6.51331E-02 6.51342E-02 6.51353E-02 6.51363E-02 6.51374E-02 6.51384E-02 6.51394E-02 6.51404E-02 6.51414E-02 6.51424E-02 6.51434E-02 6.51444E-02 6.51453E-02 6.51462E-02 6.51472E-02 6.51481E-02 6.51490E-02 6.51498E-02 6.51507E-02 6.51516E-02 6.51524E-02 6.51533E-02 6.51541E-02 6.51549E-02 6.51557E-02 6.51565E-02 6.51573E-02 6.51580E-02 6.51588E-02 6.51595E-02 6.51603E-02 6.51610E-02 6.51617E-02 6.51624E-02 6.51631E-02 6.51638E-02 6.51645E-02 6.51652E-02 6.51658E-02 6.51665E-02 6.51671E-02 % total
];

MAT_fuelsalt_MDENS = [
0.00000E+00 0.00000E+00 0.00000E+00 0.00000E+00 0.00000E+00 0.00000E+00 0.00000E+00 0.00000E+00 0.00000E+00 0.00000E+00 0.00000E+00 0.00000E+00 0.00000E+00 0.00000E+00 0.00000E+00 0.00000E+00 0.00000E+00 0.00000E+00 0.00000E+00 0.00000E+00 0.00000E+00 0.00000E+00 0.00000E+00 0.00000E+00 0.00000E+00 0.00000E+00 0.00000E+00 0.00000E+00 0.00000E+00 0.00000E+00 0.00000E+00 0.00000E+00 0.00000E+00 0.00000E+00 0.00000E+00 0.00000E+00 0.00000E+00 0.00000E+00 0.00000E+00 0.00000E+00 0.00000E+00 0.00000E+00 0.00000E+00 0.00000E+00 0.00000E+00 0.00000E+00 0.00000E+00 0.00000E+00 0.00000E+00 0.00000E+00 0.00000E+00 0.00000E+00 0.00000E+00 0.00000E+00 0.00000E+00 0.00000E+00 0.00000E+00 0.00000E+00 0.00000E+00 0.00000E+00 0.00000E+00 0.00000E+00 0.00000E+00 0.00000E+00 0.00000E+00 0.00000E+00 0.00000E+00 0.00000E+00 0.00000E+00 0.00000E+00 0.00000E+00 0.00000E+00 % lost data
3.28019E+00 3.28019E+00 3.28019E+00 3.28018E+00 3.28015E+00 3.28009E+00 3.27999E+00 3.27989E+00 3.27979E+00 3.27969E+00 3.27959E+00 3.27949E+00 3.27939E+00 3.27929E+00 3.27919E+00 3.27909E+00 3.27899E+00 3.27889E+00 3.27879E+00 3.27870E+00 3.27860E+00 3.27850E+00 3.27841E+00 3.27831E+00 3.27822E+00 3.27812E+00 3.27803E+00 3.27794E+00 3.27753E+00 3.27714E+00 3.27675E+00 3.27637E+00 3.27599E+00 3.27562E+00 3.27526E+00 3.27490E+00 3.27455E+00 3.27420E+00 3.27386E+00 3.27352E+00 3.27319E+00 3.27286E+00 3.27254E+00 3.27223E+00 3.27191E+00 3.27161E+00 3.27131E+00 3.27101E+00 3.27071E+00 3.27042E+00 3.27014E+00 3.26986E+00 3.26958E+00 3.26931E+00 3.26904E+00 3.26877E+00 3.26851E+00 3.26826E+00 3.26800E+00 3.26775E+00 3.26751E+00 3.26726E+00 3.26702E+00 3.26679E+00 3.26655E+00 3.26633E+00 3.26610E+00 3.26588E+00 3.26566E+00 3.26544E+00 3.26523E+00 3.26502E+00 % total
];

MAT_fuelsalt_A = [
0.00000E+00 0.00000E+00 0.00000E+00 0.00000E+00 0.00000E+00 0.00000E+00 0.00000E+00 0.00000E+00 0.00000E+00 0.00000E+00 0.00000E+00 0.00000E+00 0.00000E+00 0.00000E+00 0.00000E+00 0.00000E+00 0.00000E+00 0.00000E+00 0.00000E+00 0.00000E+00 0.00000E+00 0.00000E+00 0.00000E+00 0.00000E+00 0.00000E+00 0.00000E+00 0.00000E+00 0.00000E+00 0.00000E+00 0.00000E+00 0.00000E+00 0.00000E+00 0.00000E+00 0.00000E+00 0.00000E+00 0.00000E+00 0.00000E+00 0.00000E+00 0.00000E+00 0.00000E+00 0.00000E+00 0.00000E+00 0.00000E+00 0.00000E+00 0.00000E+00 0.00000E+00 0.00000E+00 0.00000E+00 0.00000E+00 0.00000E+00 0.00000E+00 0.00000E+00 0.00000E+00 0.00000E+00 0.00000E+00 0.00000E+00 0.00000E+00 0.00000E+00 0.00000E+00 0.00000E+00 0.00000E+00 0.00000E+00 0.00000E+00 0.00000E+00 0.00000E+00 0.00000E+00 0.00000E+00 0.00000E+00 0.00000E+00 0.00000E+00 0.00000E+00 0.00000E+00 % lost data
1.31843E+12 6.33721E+19 7.10149E+19 9.27802E+19 1.02304E+20 1.09236E+20 1.13153E+20 1.14123E+20 1.14693E+20 1.14796E+20 1.15118E+20 1.15365E+20 1.15207E+20 1.15353E+20 1.15579E+20 1.15482E+20 1.15509E+20 1.15795E+20 1.15605E+20 1.15544E+20 1.15665E+20 1.15558E+20 1.15409E+20 1.15550E+20 1.15565E+20 1.15574E+20 1.15408E+20 1.15435E+20 1.17188E+20 1.17434E+20 1.17102E+20 1.16961E+20 1.16720E+20 1.16528E+20 1.16412E+20 1.16458E+20 1.16161E+20 1.16109E+20 1.15713E+20 1.16069E+20 1.15744E+20 1.15832E+20 1.15339E+20 1.15711E+20 1.15036E+20 1.15431E+20 1.15208E+20 1.15239E+20 1.15500E+20 1.14866E+20 1.15286E+20 1.15183E+20 1.14913E+20 1.15120E+20 1.14907E+20 1.15284E+20 1.14730E+20 1.14998E+20 1.14944E+20 1.15144E+20 1.14968E+20 1.14690E+20 1.14861E+20 1.14585E+20 1.14674E+20 1.14561E+20 1.14538E+20 1.14568E+20 1.14660E+20 1.14082E+20 1.14602E+20 1.14615E+20 % total
];

