
ZAI = [
666
0
];

NAMES = [
'lost            '
'total           '
];

iLOST    = 1;
iTOT     = 2;

MAT_fuelsalt_VOLUME = [ 1.36700E+07 1.36700E+07 1.36700E+07 1.36700E+07 1.36700E+07 1.36700E+07 1.36700E+07 1.36700E+07 1.36700E+07 1.36700E+07 1.36700E+07 1.36700E+07 1.36700E+07 1.36700E+07 1.36700E+07 1.36700E+07 1.36700E+07 1.36700E+07 1.36700E+07 1.36700E+07 1.36700E+07 1.36700E+07 1.36700E+07 1.36700E+07 1.36700E+07 1.36700E+07 1.36700E+07 1.36700E+07 1.36700E+07 1.36700E+07 1.36700E+07 1.36700E+07 1.36700E+07 1.36700E+07 1.36700E+07 1.36700E+07 1.36700E+07 1.36700E+07 1.36700E+07 1.36700E+07 1.36700E+07 1.36700E+07 1.36700E+07 1.36700E+07 1.36700E+07 1.36700E+07 1.36700E+07 1.36700E+07 1.36700E+07 1.36700E+07 1.36700E+07 1.36700E+07 1.36700E+07 1.36700E+07 1.36700E+07 1.36700E+07 1.36700E+07 1.36700E+07 1.36700E+07 1.36700E+07 1.36700E+07 1.36700E+07 1.36700E+07 1.36700E+07 1.36700E+07 1.36700E+07 1.36700E+07 1.36700E+07 1.36700E+07 1.36700E+07 1.36700E+07 1.36700E+07 ];

MAT_fuelsalt_BURNUP = [ 0.00000E+00 0.00000E+00 0.00000E+00 0.00000E+00 0.00000E+00 0.00000E+00 0.00000E+00 0.00000E+00 0.00000E+00 0.00000E+00 0.00000E+00 0.00000E+00 0.00000E+00 0.00000E+00 0.00000E+00 0.00000E+00 0.00000E+00 0.00000E+00 0.00000E+00 0.00000E+00 0.00000E+00 0.00000E+00 0.00000E+00 0.00000E+00 0.00000E+00 0.00000E+00 0.00000E+00 0.00000E+00 0.00000E+00 0.00000E+00 0.00000E+00 0.00000E+00 0.00000E+00 0.00000E+00 0.00000E+00 0.00000E+00 0.00000E+00 0.00000E+00 0.00000E+00 0.00000E+00 0.00000E+00 0.00000E+00 0.00000E+00 0.00000E+00 0.00000E+00 0.00000E+00 0.00000E+00 0.00000E+00 0.00000E+00 0.00000E+00 0.00000E+00 0.00000E+00 0.00000E+00 0.00000E+00 0.00000E+00 0.00000E+00 0.00000E+00 0.00000E+00 0.00000E+00 0.00000E+00 0.00000E+00 0.00000E+00 0.00000E+00 0.00000E+00 0.00000E+00 0.00000E+00 0.00000E+00 0.00000E+00 0.00000E+00 0.00000E+00 0.00000E+00 0.00000E+00 ];

MAT_fuelsalt_ADENS = [
0.00000E+00 5.13443E-17 1.02681E-16 2.46594E-15 7.37006E-15 1.71985E-14 3.43354E-14 5.11717E-14 6.78294E-14 8.44788E-14 1.00817E-13 1.17039E-13 1.33168E-13 1.49105E-13 1.64908E-13 1.80527E-13 1.96140E-13 2.11546E-13 2.26912E-13 2.42156E-13 2.57257E-13 2.72400E-13 2.87438E-13 3.02332E-13 3.17189E-13 3.31975E-13 3.46839E-13 3.61553E-13 4.24169E-13 4.86499E-13 5.48068E-13 6.09174E-13 6.69497E-13 7.29544E-13 7.89000E-13 8.48397E-13 9.07937E-13 9.66645E-13 1.02532E-12 1.08400E-12 1.14248E-12 1.20117E-12 1.25983E-12 1.31781E-12 1.37559E-12 1.43353E-12 1.49161E-12 1.54973E-12 1.60703E-12 1.66443E-12 1.72199E-12 1.78005E-12 1.83789E-12 1.89548E-12 1.95323E-12 2.01121E-12 2.06875E-12 2.12557E-12 2.18298E-12 2.24075E-12 2.29812E-12 2.35550E-12 2.41235E-12 2.46929E-12 2.52711E-12 2.58487E-12 2.64205E-12 2.69969E-12 2.75736E-12 2.81492E-12 2.87232E-12 2.93052E-12 % lost data
6.51224E-02 6.51224E-02 6.51224E-02 6.51224E-02 6.51225E-02 6.51227E-02 6.51230E-02 6.51232E-02 6.51235E-02 6.51238E-02 6.51241E-02 6.51243E-02 6.51246E-02 6.51249E-02 6.51252E-02 6.51254E-02 6.51257E-02 6.51260E-02 6.51262E-02 6.51265E-02 6.51268E-02 6.51271E-02 6.51273E-02 6.51276E-02 6.51279E-02 6.51281E-02 6.51284E-02 6.51287E-02 6.51298E-02 6.51310E-02 6.51321E-02 6.51333E-02 6.51344E-02 6.51355E-02 6.51366E-02 6.51377E-02 6.51388E-02 6.51398E-02 6.51409E-02 6.51419E-02 6.51429E-02 6.51440E-02 6.51450E-02 6.51460E-02 6.51470E-02 6.51480E-02 6.51489E-02 6.51499E-02 6.51508E-02 6.51518E-02 6.51527E-02 6.51536E-02 6.51545E-02 6.51554E-02 6.51563E-02 6.51572E-02 6.51581E-02 6.51589E-02 6.51598E-02 6.51606E-02 6.51614E-02 6.51623E-02 6.51631E-02 6.51639E-02 6.51647E-02 6.51655E-02 6.51662E-02 6.51670E-02 6.51678E-02 6.51685E-02 6.51693E-02 6.51700E-02 % total
];

MAT_fuelsalt_MDENS = [
0.00000E+00 0.00000E+00 0.00000E+00 0.00000E+00 0.00000E+00 0.00000E+00 0.00000E+00 0.00000E+00 0.00000E+00 0.00000E+00 0.00000E+00 0.00000E+00 0.00000E+00 0.00000E+00 0.00000E+00 0.00000E+00 0.00000E+00 0.00000E+00 0.00000E+00 0.00000E+00 0.00000E+00 0.00000E+00 0.00000E+00 0.00000E+00 0.00000E+00 0.00000E+00 0.00000E+00 0.00000E+00 0.00000E+00 0.00000E+00 0.00000E+00 0.00000E+00 0.00000E+00 0.00000E+00 0.00000E+00 0.00000E+00 0.00000E+00 0.00000E+00 0.00000E+00 0.00000E+00 0.00000E+00 0.00000E+00 0.00000E+00 0.00000E+00 0.00000E+00 0.00000E+00 0.00000E+00 0.00000E+00 0.00000E+00 0.00000E+00 0.00000E+00 0.00000E+00 0.00000E+00 0.00000E+00 0.00000E+00 0.00000E+00 0.00000E+00 0.00000E+00 0.00000E+00 0.00000E+00 0.00000E+00 0.00000E+00 0.00000E+00 0.00000E+00 0.00000E+00 0.00000E+00 0.00000E+00 0.00000E+00 0.00000E+00 0.00000E+00 0.00000E+00 0.00000E+00 % lost data
3.28019E+00 3.28019E+00 3.28019E+00 3.28018E+00 3.28015E+00 3.28009E+00 3.27999E+00 3.27989E+00 3.27978E+00 3.27968E+00 3.27958E+00 3.27947E+00 3.27937E+00 3.27927E+00 3.27917E+00 3.27907E+00 3.27897E+00 3.27887E+00 3.27877E+00 3.27867E+00 3.27857E+00 3.27847E+00 3.27837E+00 3.27827E+00 3.27818E+00 3.27808E+00 3.27798E+00 3.27789E+00 3.27747E+00 3.27706E+00 3.27665E+00 3.27625E+00 3.27586E+00 3.27547E+00 3.27509E+00 3.27471E+00 3.27433E+00 3.27396E+00 3.27360E+00 3.27324E+00 3.27288E+00 3.27253E+00 3.27218E+00 3.27184E+00 3.27150E+00 3.27116E+00 3.27083E+00 3.27050E+00 3.27018E+00 3.26986E+00 3.26954E+00 3.26923E+00 3.26892E+00 3.26861E+00 3.26831E+00 3.26801E+00 3.26772E+00 3.26743E+00 3.26714E+00 3.26685E+00 3.26657E+00 3.26629E+00 3.26602E+00 3.26574E+00 3.26547E+00 3.26521E+00 3.26494E+00 3.26468E+00 3.26443E+00 3.26417E+00 3.26392E+00 3.26367E+00 % total
];

MAT_fuelsalt_A = [
0.00000E+00 0.00000E+00 0.00000E+00 0.00000E+00 0.00000E+00 0.00000E+00 0.00000E+00 0.00000E+00 0.00000E+00 0.00000E+00 0.00000E+00 0.00000E+00 0.00000E+00 0.00000E+00 0.00000E+00 0.00000E+00 0.00000E+00 0.00000E+00 0.00000E+00 0.00000E+00 0.00000E+00 0.00000E+00 0.00000E+00 0.00000E+00 0.00000E+00 0.00000E+00 0.00000E+00 0.00000E+00 0.00000E+00 0.00000E+00 0.00000E+00 0.00000E+00 0.00000E+00 0.00000E+00 0.00000E+00 0.00000E+00 0.00000E+00 0.00000E+00 0.00000E+00 0.00000E+00 0.00000E+00 0.00000E+00 0.00000E+00 0.00000E+00 0.00000E+00 0.00000E+00 0.00000E+00 0.00000E+00 0.00000E+00 0.00000E+00 0.00000E+00 0.00000E+00 0.00000E+00 0.00000E+00 0.00000E+00 0.00000E+00 0.00000E+00 0.00000E+00 0.00000E+00 0.00000E+00 0.00000E+00 0.00000E+00 0.00000E+00 0.00000E+00 0.00000E+00 0.00000E+00 0.00000E+00 0.00000E+00 0.00000E+00 0.00000E+00 0.00000E+00 0.00000E+00 % lost data
1.31843E+12 6.33670E+19 7.09137E+19 9.28930E+19 1.02557E+20 1.09476E+20 1.13373E+20 1.14354E+20 1.14519E+20 1.14865E+20 1.15153E+20 1.15197E+20 1.15184E+20 1.15378E+20 1.15179E+20 1.15370E+20 1.15131E+20 1.15003E+20 1.14998E+20 1.15191E+20 1.15222E+20 1.15171E+20 1.15182E+20 1.14919E+20 1.15174E+20 1.15028E+20 1.14836E+20 1.14803E+20 1.17414E+20 1.16895E+20 1.16628E+20 1.16353E+20 1.16280E+20 1.16197E+20 1.15428E+20 1.15361E+20 1.15249E+20 1.15148E+20 1.15208E+20 1.14928E+20 1.14977E+20 1.14594E+20 1.14439E+20 1.14320E+20 1.14146E+20 1.14093E+20 1.14064E+20 1.13858E+20 1.14200E+20 1.13945E+20 1.13980E+20 1.13957E+20 1.13164E+20 1.13501E+20 1.13401E+20 1.13490E+20 1.13283E+20 1.13214E+20 1.12871E+20 1.13352E+20 1.13348E+20 1.12989E+20 1.13185E+20 1.12814E+20 1.12477E+20 1.12834E+20 1.12827E+20 1.12698E+20 1.12709E+20 1.12519E+20 1.12498E+20 1.12665E+20 % total
];

