
ZAI = [
666
0
];

NAMES = [
'lost            '
'total           '
];

iLOST    = 1;
iTOT     = 2;

MAT_fuelsalt_VOLUME = [ 1.36700E+07 1.36700E+07 1.36700E+07 1.36700E+07 1.36700E+07 1.36700E+07 1.36700E+07 1.36700E+07 1.36700E+07 1.36700E+07 1.36700E+07 1.36700E+07 1.36700E+07 1.36700E+07 1.36700E+07 1.36700E+07 1.36700E+07 1.36700E+07 1.36700E+07 1.36700E+07 1.36700E+07 1.36700E+07 1.36700E+07 1.36700E+07 1.36700E+07 1.36700E+07 1.36700E+07 1.36700E+07 1.36700E+07 1.36700E+07 1.36700E+07 1.36700E+07 1.36700E+07 1.36700E+07 1.36700E+07 1.36700E+07 1.36700E+07 1.36700E+07 1.36700E+07 1.36700E+07 1.36700E+07 1.36700E+07 1.36700E+07 1.36700E+07 1.36700E+07 1.36700E+07 1.36700E+07 1.36700E+07 1.36700E+07 1.36700E+07 1.36700E+07 1.36700E+07 1.36700E+07 1.36700E+07 1.36700E+07 1.36700E+07 1.36700E+07 1.36700E+07 1.36700E+07 1.36700E+07 1.36700E+07 1.36700E+07 1.36700E+07 1.36700E+07 1.36700E+07 1.36700E+07 1.36700E+07 1.36700E+07 1.36700E+07 1.36700E+07 1.36700E+07 1.36700E+07 ];

MAT_fuelsalt_BURNUP = [ 0.00000E+00 0.00000E+00 0.00000E+00 0.00000E+00 0.00000E+00 0.00000E+00 0.00000E+00 0.00000E+00 0.00000E+00 0.00000E+00 0.00000E+00 0.00000E+00 0.00000E+00 0.00000E+00 0.00000E+00 0.00000E+00 0.00000E+00 0.00000E+00 0.00000E+00 0.00000E+00 0.00000E+00 0.00000E+00 0.00000E+00 0.00000E+00 0.00000E+00 0.00000E+00 0.00000E+00 0.00000E+00 0.00000E+00 0.00000E+00 0.00000E+00 0.00000E+00 0.00000E+00 0.00000E+00 0.00000E+00 0.00000E+00 0.00000E+00 0.00000E+00 0.00000E+00 0.00000E+00 0.00000E+00 0.00000E+00 0.00000E+00 0.00000E+00 0.00000E+00 0.00000E+00 0.00000E+00 0.00000E+00 0.00000E+00 0.00000E+00 0.00000E+00 0.00000E+00 0.00000E+00 0.00000E+00 0.00000E+00 0.00000E+00 0.00000E+00 0.00000E+00 0.00000E+00 0.00000E+00 0.00000E+00 0.00000E+00 0.00000E+00 0.00000E+00 0.00000E+00 0.00000E+00 0.00000E+00 0.00000E+00 0.00000E+00 0.00000E+00 0.00000E+00 0.00000E+00 ];

MAT_fuelsalt_ADENS = [
0.00000E+00 5.38408E-17 1.07990E-16 2.58385E-15 7.78189E-15 1.80925E-14 3.60564E-14 5.36874E-14 7.10696E-14 8.81438E-14 1.05077E-13 1.21844E-13 1.38415E-13 1.55005E-13 1.71243E-13 1.87364E-13 2.03397E-13 2.19137E-13 2.34807E-13 2.50468E-13 2.65989E-13 2.81468E-13 2.96895E-13 3.12340E-13 3.27589E-13 3.42792E-13 3.57904E-13 3.72940E-13 4.38019E-13 5.01966E-13 5.65720E-13 6.29057E-13 6.91781E-13 7.53686E-13 8.15738E-13 8.77605E-13 9.39550E-13 1.00083E-12 1.06215E-12 1.12378E-12 1.18511E-12 1.24642E-12 1.30735E-12 1.36837E-12 1.42910E-12 1.48944E-12 1.55001E-12 1.61106E-12 1.67245E-12 1.73370E-12 1.79407E-12 1.85514E-12 1.91618E-12 1.97723E-12 2.03790E-12 2.09888E-12 2.15957E-12 2.22089E-12 2.28216E-12 2.34395E-12 2.40551E-12 2.46627E-12 2.52707E-12 2.58823E-12 2.64916E-12 2.71071E-12 2.77198E-12 2.83268E-12 2.89425E-12 2.95498E-12 3.01629E-12 3.07726E-12 % lost data
7.97438E-02 7.97438E-02 7.97438E-02 7.97438E-02 7.97439E-02 7.97441E-02 7.97443E-02 7.97446E-02 7.97448E-02 7.97451E-02 7.97453E-02 7.97456E-02 7.97459E-02 7.97461E-02 7.97464E-02 7.97466E-02 7.97469E-02 7.97471E-02 7.97474E-02 7.97476E-02 7.97479E-02 7.97481E-02 7.97484E-02 7.97486E-02 7.97489E-02 7.97491E-02 7.97494E-02 7.97496E-02 7.97507E-02 7.97518E-02 7.97528E-02 7.97539E-02 7.97549E-02 7.97559E-02 7.97569E-02 7.97578E-02 7.97588E-02 7.97597E-02 7.97607E-02 7.97616E-02 7.97625E-02 7.97633E-02 7.97642E-02 7.97651E-02 7.97659E-02 7.97667E-02 7.97675E-02 7.97683E-02 7.97691E-02 7.97699E-02 7.97706E-02 7.97714E-02 7.97721E-02 7.97728E-02 7.97735E-02 7.97742E-02 7.97749E-02 7.97755E-02 7.97762E-02 7.97768E-02 7.97775E-02 7.97781E-02 7.97787E-02 7.97793E-02 7.97799E-02 7.97805E-02 7.97811E-02 7.97816E-02 7.97822E-02 7.97827E-02 7.97832E-02 7.97838E-02 % total
];

MAT_fuelsalt_MDENS = [
0.00000E+00 0.00000E+00 0.00000E+00 0.00000E+00 0.00000E+00 0.00000E+00 0.00000E+00 0.00000E+00 0.00000E+00 0.00000E+00 0.00000E+00 0.00000E+00 0.00000E+00 0.00000E+00 0.00000E+00 0.00000E+00 0.00000E+00 0.00000E+00 0.00000E+00 0.00000E+00 0.00000E+00 0.00000E+00 0.00000E+00 0.00000E+00 0.00000E+00 0.00000E+00 0.00000E+00 0.00000E+00 0.00000E+00 0.00000E+00 0.00000E+00 0.00000E+00 0.00000E+00 0.00000E+00 0.00000E+00 0.00000E+00 0.00000E+00 0.00000E+00 0.00000E+00 0.00000E+00 0.00000E+00 0.00000E+00 0.00000E+00 0.00000E+00 0.00000E+00 0.00000E+00 0.00000E+00 0.00000E+00 0.00000E+00 0.00000E+00 0.00000E+00 0.00000E+00 0.00000E+00 0.00000E+00 0.00000E+00 0.00000E+00 0.00000E+00 0.00000E+00 0.00000E+00 0.00000E+00 0.00000E+00 0.00000E+00 0.00000E+00 0.00000E+00 0.00000E+00 0.00000E+00 0.00000E+00 0.00000E+00 0.00000E+00 0.00000E+00 0.00000E+00 0.00000E+00 % lost data
3.35931E+00 3.35931E+00 3.35931E+00 3.35930E+00 3.35927E+00 3.35921E+00 3.35911E+00 3.35901E+00 3.35890E+00 3.35880E+00 3.35869E+00 3.35859E+00 3.35849E+00 3.35838E+00 3.35828E+00 3.35818E+00 3.35808E+00 3.35798E+00 3.35788E+00 3.35778E+00 3.35769E+00 3.35759E+00 3.35749E+00 3.35739E+00 3.35730E+00 3.35720E+00 3.35711E+00 3.35701E+00 3.35660E+00 3.35621E+00 3.35581E+00 3.35543E+00 3.35506E+00 3.35469E+00 3.35433E+00 3.35397E+00 3.35363E+00 3.35329E+00 3.35295E+00 3.35262E+00 3.35230E+00 3.35199E+00 3.35168E+00 3.35138E+00 3.35108E+00 3.35078E+00 3.35050E+00 3.35022E+00 3.34994E+00 3.34967E+00 3.34940E+00 3.34914E+00 3.34888E+00 3.34863E+00 3.34838E+00 3.34814E+00 3.34790E+00 3.34766E+00 3.34743E+00 3.34720E+00 3.34698E+00 3.34676E+00 3.34655E+00 3.34634E+00 3.34613E+00 3.34593E+00 3.34573E+00 3.34553E+00 3.34534E+00 3.34515E+00 3.34496E+00 3.34478E+00 % total
];

MAT_fuelsalt_A = [
0.00000E+00 0.00000E+00 0.00000E+00 0.00000E+00 0.00000E+00 0.00000E+00 0.00000E+00 0.00000E+00 0.00000E+00 0.00000E+00 0.00000E+00 0.00000E+00 0.00000E+00 0.00000E+00 0.00000E+00 0.00000E+00 0.00000E+00 0.00000E+00 0.00000E+00 0.00000E+00 0.00000E+00 0.00000E+00 0.00000E+00 0.00000E+00 0.00000E+00 0.00000E+00 0.00000E+00 0.00000E+00 0.00000E+00 0.00000E+00 0.00000E+00 0.00000E+00 0.00000E+00 0.00000E+00 0.00000E+00 0.00000E+00 0.00000E+00 0.00000E+00 0.00000E+00 0.00000E+00 0.00000E+00 0.00000E+00 0.00000E+00 0.00000E+00 0.00000E+00 0.00000E+00 0.00000E+00 0.00000E+00 0.00000E+00 0.00000E+00 0.00000E+00 0.00000E+00 0.00000E+00 0.00000E+00 0.00000E+00 0.00000E+00 0.00000E+00 0.00000E+00 0.00000E+00 0.00000E+00 0.00000E+00 0.00000E+00 0.00000E+00 0.00000E+00 0.00000E+00 0.00000E+00 0.00000E+00 0.00000E+00 0.00000E+00 0.00000E+00 0.00000E+00 0.00000E+00 % lost data
1.15956E+12 6.25539E+19 7.05281E+19 9.12644E+19 1.00432E+20 1.08202E+20 1.12870E+20 1.13880E+20 1.14002E+20 1.14265E+20 1.13988E+20 1.14132E+20 1.14170E+20 1.13851E+20 1.14000E+20 1.14058E+20 1.13919E+20 1.13890E+20 1.14005E+20 1.13727E+20 1.13805E+20 1.13632E+20 1.13611E+20 1.13863E+20 1.13838E+20 1.13730E+20 1.13503E+20 1.13406E+20 1.16065E+20 1.16306E+20 1.15537E+20 1.15112E+20 1.15275E+20 1.14923E+20 1.14342E+20 1.14696E+20 1.14375E+20 1.14257E+20 1.13915E+20 1.13766E+20 1.13614E+20 1.13664E+20 1.13207E+20 1.12931E+20 1.12944E+20 1.12738E+20 1.12714E+20 1.12505E+20 1.12434E+20 1.12735E+20 1.12141E+20 1.12075E+20 1.12107E+20 1.12086E+20 1.12264E+20 1.11994E+20 1.12141E+20 1.11731E+20 1.11762E+20 1.11587E+20 1.11702E+20 1.11391E+20 1.11624E+20 1.11423E+20 1.11275E+20 1.11223E+20 1.11321E+20 1.11308E+20 1.11072E+20 1.11600E+20 1.10891E+20 1.11218E+20 % total
];

