
ZAI = [
666
0
];

NAMES = [
'lost            '
'total           '
];

iLOST    = 1;
iTOT     = 2;

MAT_fuelsalt_VOLUME = [ 1.36700E+07 1.36700E+07 ];

MAT_fuelsalt_BURNUP = [ 0.00000E+00 0.00000E+00 ];

MAT_fuelsalt_ADENS = [
0.00000E+00 4.61722E-17 % lost data
7.97438E-02 7.97438E-02 % total
];

MAT_fuelsalt_MDENS = [
0.00000E+00 0.00000E+00 % lost data
3.35587E+00 3.35587E+00 % total
];

MAT_fuelsalt_A = [
0.00000E+00 0.00000E+00 % lost data
8.83888E+12 5.66068E+19 % total
];

MAT_fuelsalt_H = [
0.00000E+00 0.00000E+00 % lost data
6.84020E+00 2.49635E+07 % total
];

MAT_fuelsalt_SF = [
0.00000E+00 0.00000E+00 % lost data
1.11090E+07 1.11090E+07 % total
];

MAT_fuelsalt_GSRC = [
0.00000E+00 0.00000E+00 % lost data
1.23831E+12 4.06926E+19 % total
];

MAT_fuelsalt_ING_TOX = [
0.00000E+00 0.00000E+00 % lost data
4.31554E+05 9.37917E+08 % total
];

MAT_fuelsalt_INH_TOX = [
0.00000E+00 0.00000E+00 % lost data
8.24777E+07 5.68300E+08 % total
];

MAT_refuelsalt_VOLUME = [ 1.36700E+07 1.36700E+07 ];

MAT_refuelsalt_BURNUP = [ 0.00000E+00 0.00000E+00 ];

MAT_refuelsalt_ADENS = [
0.00000E+00 1.64607E-21 % lost data
7.97438E-02 7.97438E-02 % total
];

MAT_refuelsalt_MDENS = [
0.00000E+00 0.00000E+00 % lost data
3.35779E+00 3.35779E+00 % total
];

MAT_refuelsalt_A = [
0.00000E+00 0.00000E+00 % lost data
4.54703E+12 4.54935E+12 % total
];

MAT_refuelsalt_H = [
0.00000E+00 0.00000E+00 % lost data
3.50750E+00 3.50759E+00 % total
];

MAT_refuelsalt_SF = [
0.00000E+00 0.00000E+00 % lost data
1.25210E+07 1.25210E+07 % total
];

MAT_refuelsalt_GSRC = [
0.00000E+00 0.00000E+00 % lost data
6.28433E+11 6.28433E+11 % total
];

MAT_refuelsalt_ING_TOX = [
0.00000E+00 0.00000E+00 % lost data
2.21519E+05 2.21520E+05 % total
];

MAT_refuelsalt_INH_TOX = [
0.00000E+00 0.00000E+00 % lost data
4.22596E+07 4.22596E+07 % total
];

MAT_offgas_VOLUME = [ 1.00000E+09 1.00000E+09 ];

MAT_offgas_BURNUP = [ 0.00000E+00 0.00000E+00 ];

MAT_offgas_ADENS = [
0.00000E+00 0.00000E+00 % lost data
1.50453E-04 1.50453E-04 % total
];

MAT_offgas_MDENS = [
0.00000E+00 0.00000E+00 % lost data
1.00000E-03 1.00000E-03 % total
];

MAT_offgas_A = [
0.00000E+00 0.00000E+00 % lost data
0.00000E+00 4.47665E+18 % total
];

MAT_offgas_H = [
0.00000E+00 0.00000E+00 % lost data
0.00000E+00 1.88174E+06 % total
];

MAT_offgas_SF = [
0.00000E+00 0.00000E+00 % lost data
0.00000E+00 0.00000E+00 % total
];

MAT_offgas_GSRC = [
0.00000E+00 0.00000E+00 % lost data
0.00000E+00 4.29034E+18 % total
];

MAT_offgas_ING_TOX = [
0.00000E+00 0.00000E+00 % lost data
0.00000E+00 4.76558E+07 % total
];

MAT_offgas_INH_TOX = [
0.00000E+00 0.00000E+00 % lost data
0.00000E+00 1.99058E+07 % total
];

MAT_overflow_VOLUME = [ 1.00000E+09 1.00000E+09 ];

MAT_overflow_BURNUP = [ 0.00000E+00 0.00000E+00 ];

MAT_overflow_ADENS = [
0.00000E+00 1.79390E-29 % lost data
1.50453E-04 1.50455E-04 % total
];

MAT_overflow_MDENS = [
0.00000E+00 0.00000E+00 % lost data
1.00000E-03 1.00008E-03 % total
];

MAT_overflow_A = [
0.00000E+00 0.00000E+00 % lost data
0.00000E+00 1.44706E+13 % total
];

MAT_overflow_H = [
0.00000E+00 0.00000E+00 % lost data
0.00000E+00 4.06913E+00 % total
];

MAT_overflow_SF = [
0.00000E+00 0.00000E+00 % lost data
0.00000E+00 1.99642E+01 % total
];

MAT_overflow_GSRC = [
0.00000E+00 0.00000E+00 % lost data
0.00000E+00 1.24724E+13 % total
];

MAT_overflow_ING_TOX = [
0.00000E+00 0.00000E+00 % lost data
0.00000E+00 8.03188E+02 % total
];

MAT_overflow_INH_TOX = [
0.00000E+00 0.00000E+00 % lost data
0.00000E+00 5.63622E+02 % total
];

TOT_VOLUME = [ 2.02734E+09 2.02734E+09 ];

TOT_BURNUP = [ 0.00000E+00 0.00000E+00 ];

TOT_ADENS = [
0.00000E+00 3.11342E-19 % lost data
1.22382E-03 1.22382E-03 % total
];

TOT_MASS = [
0.00000E+00 0.00000E+00 % lost data
9.37757E+07 9.37758E+07 % total
];

TOT_A = [
0.00000E+00 0.00000E+00 % lost data
1.33859E+13 6.10835E+19 % total
];

TOT_H = [
0.00000E+00 0.00000E+00 % lost data
1.03477E+01 2.68452E+07 % total
];

TOT_SF = [
0.00000E+00 0.00000E+00 % lost data
2.36300E+07 2.36300E+07 % total
];

TOT_GSRC = [
0.00000E+00 0.00000E+00 % lost data
1.86674E+12 4.49830E+19 % total
];

TOT_ING_TOX = [
0.00000E+00 0.00000E+00 % lost data
6.53072E+05 9.85795E+08 % total
];

TOT_INH_TOX = [
0.00000E+00 0.00000E+00 % lost data
1.24737E+08 6.30466E+08 % total
];

BU = [ 0.00000E+00 2.82850E-04 ];

DAYS = [ 0.00000E+00 2.08000E-02 ];
