
ZAI = [
666
0
];

NAMES = [
'lost            '
'total           '
];

iLOST    = 1;
iTOT     = 2;

MAT_fuelsalt_VOLUME = [ 1.36700E+07 1.36700E+07 1.36700E+07 1.36700E+07 1.36700E+07 1.36700E+07 1.36700E+07 1.36700E+07 1.36700E+07 1.36700E+07 1.36700E+07 1.36700E+07 1.36700E+07 1.36700E+07 1.36700E+07 1.36700E+07 1.36700E+07 1.36700E+07 1.36700E+07 1.36700E+07 1.36700E+07 1.36700E+07 1.36700E+07 1.36700E+07 1.36700E+07 1.36700E+07 1.36700E+07 1.36700E+07 1.36700E+07 1.36700E+07 1.36700E+07 1.36700E+07 1.36700E+07 1.36700E+07 1.36700E+07 1.36700E+07 1.36700E+07 1.36700E+07 1.36700E+07 1.36700E+07 1.36700E+07 1.36700E+07 1.36700E+07 1.36700E+07 1.36700E+07 1.36700E+07 1.36700E+07 1.36700E+07 1.36700E+07 1.36700E+07 1.36700E+07 1.36700E+07 1.36700E+07 1.36700E+07 1.36700E+07 1.36700E+07 1.36700E+07 1.36700E+07 1.36700E+07 1.36700E+07 1.36700E+07 1.36700E+07 1.36700E+07 1.36700E+07 1.36700E+07 1.36700E+07 1.36700E+07 1.36700E+07 1.36700E+07 1.36700E+07 1.36700E+07 1.36700E+07 ];

MAT_fuelsalt_BURNUP = [ 0.00000E+00 0.00000E+00 0.00000E+00 0.00000E+00 0.00000E+00 0.00000E+00 0.00000E+00 0.00000E+00 0.00000E+00 0.00000E+00 0.00000E+00 0.00000E+00 0.00000E+00 0.00000E+00 0.00000E+00 0.00000E+00 0.00000E+00 0.00000E+00 0.00000E+00 0.00000E+00 0.00000E+00 0.00000E+00 0.00000E+00 0.00000E+00 0.00000E+00 0.00000E+00 0.00000E+00 0.00000E+00 0.00000E+00 0.00000E+00 0.00000E+00 0.00000E+00 0.00000E+00 0.00000E+00 0.00000E+00 0.00000E+00 0.00000E+00 0.00000E+00 0.00000E+00 0.00000E+00 0.00000E+00 0.00000E+00 0.00000E+00 0.00000E+00 0.00000E+00 0.00000E+00 0.00000E+00 0.00000E+00 0.00000E+00 0.00000E+00 0.00000E+00 0.00000E+00 0.00000E+00 0.00000E+00 0.00000E+00 0.00000E+00 0.00000E+00 0.00000E+00 0.00000E+00 0.00000E+00 0.00000E+00 0.00000E+00 0.00000E+00 0.00000E+00 0.00000E+00 0.00000E+00 0.00000E+00 0.00000E+00 0.00000E+00 0.00000E+00 0.00000E+00 0.00000E+00 ];

MAT_fuelsalt_ADENS = [
0.00000E+00 5.37723E-17 1.07546E-16 2.59282E-15 7.76063E-15 1.81595E-14 3.60182E-14 5.37287E-14 7.11353E-14 8.82874E-14 1.05337E-13 1.22205E-13 1.38810E-13 1.55179E-13 1.71382E-13 1.87606E-13 2.03675E-13 2.19595E-13 2.35533E-13 2.51235E-13 2.66828E-13 2.82437E-13 2.97883E-13 3.13346E-13 3.28671E-13 3.44063E-13 3.59314E-13 3.74407E-13 4.39383E-13 5.04033E-13 5.67850E-13 6.30730E-13 6.93961E-13 7.56806E-13 8.19596E-13 8.82385E-13 9.44578E-13 1.00694E-12 1.06872E-12 1.13019E-12 1.19242E-12 1.25434E-12 1.31691E-12 1.37883E-12 1.44011E-12 1.50235E-12 1.56383E-12 1.62588E-12 1.68733E-12 1.75020E-12 1.81176E-12 1.87332E-12 1.93502E-12 1.99712E-12 2.05902E-12 2.12125E-12 2.18330E-12 2.24459E-12 2.30630E-12 2.36866E-12 2.43020E-12 2.49201E-12 2.55334E-12 2.61486E-12 2.67616E-12 2.73761E-12 2.79961E-12 2.86101E-12 2.92229E-12 2.98377E-12 3.04563E-12 3.10745E-12 % lost data
7.97438E-02 7.97438E-02 7.97438E-02 7.97438E-02 7.97439E-02 7.97441E-02 7.97443E-02 7.97446E-02 7.97448E-02 7.97451E-02 7.97453E-02 7.97456E-02 7.97458E-02 7.97460E-02 7.97463E-02 7.97465E-02 7.97468E-02 7.97470E-02 7.97472E-02 7.97475E-02 7.97477E-02 7.97479E-02 7.97481E-02 7.97484E-02 7.97486E-02 7.97488E-02 7.97490E-02 7.97492E-02 7.97502E-02 7.97510E-02 7.97519E-02 7.97527E-02 7.97535E-02 7.97542E-02 7.97550E-02 7.97556E-02 7.97563E-02 7.97569E-02 7.97575E-02 7.97581E-02 7.97587E-02 7.97592E-02 7.97597E-02 7.97602E-02 7.97607E-02 7.97611E-02 7.97615E-02 7.97619E-02 7.97623E-02 7.97627E-02 7.97631E-02 7.97634E-02 7.97637E-02 7.97641E-02 7.97644E-02 7.97646E-02 7.97649E-02 7.97652E-02 7.97654E-02 7.97657E-02 7.97659E-02 7.97661E-02 7.97663E-02 7.97665E-02 7.97667E-02 7.97669E-02 7.97671E-02 7.97673E-02 7.97674E-02 7.97676E-02 7.97677E-02 7.97679E-02 % total
];

MAT_fuelsalt_MDENS = [
0.00000E+00 0.00000E+00 0.00000E+00 0.00000E+00 0.00000E+00 0.00000E+00 0.00000E+00 0.00000E+00 0.00000E+00 0.00000E+00 0.00000E+00 0.00000E+00 0.00000E+00 0.00000E+00 0.00000E+00 0.00000E+00 0.00000E+00 0.00000E+00 0.00000E+00 0.00000E+00 0.00000E+00 0.00000E+00 0.00000E+00 0.00000E+00 0.00000E+00 0.00000E+00 0.00000E+00 0.00000E+00 0.00000E+00 0.00000E+00 0.00000E+00 0.00000E+00 0.00000E+00 0.00000E+00 0.00000E+00 0.00000E+00 0.00000E+00 0.00000E+00 0.00000E+00 0.00000E+00 0.00000E+00 0.00000E+00 0.00000E+00 0.00000E+00 0.00000E+00 0.00000E+00 0.00000E+00 0.00000E+00 0.00000E+00 0.00000E+00 0.00000E+00 0.00000E+00 0.00000E+00 0.00000E+00 0.00000E+00 0.00000E+00 0.00000E+00 0.00000E+00 0.00000E+00 0.00000E+00 0.00000E+00 0.00000E+00 0.00000E+00 0.00000E+00 0.00000E+00 0.00000E+00 0.00000E+00 0.00000E+00 0.00000E+00 0.00000E+00 0.00000E+00 0.00000E+00 % lost data
3.35931E+00 3.35931E+00 3.35931E+00 3.35930E+00 3.35927E+00 3.35921E+00 3.35911E+00 3.35901E+00 3.35891E+00 3.35881E+00 3.35871E+00 3.35861E+00 3.35851E+00 3.35841E+00 3.35832E+00 3.35823E+00 3.35813E+00 3.35804E+00 3.35795E+00 3.35786E+00 3.35777E+00 3.35769E+00 3.35760E+00 3.35751E+00 3.35743E+00 3.35735E+00 3.35726E+00 3.35718E+00 3.35683E+00 3.35650E+00 3.35619E+00 3.35589E+00 3.35561E+00 3.35533E+00 3.35507E+00 3.35483E+00 3.35459E+00 3.35436E+00 3.35415E+00 3.35394E+00 3.35375E+00 3.35356E+00 3.35338E+00 3.35321E+00 3.35304E+00 3.35289E+00 3.35274E+00 3.35260E+00 3.35246E+00 3.35233E+00 3.35220E+00 3.35208E+00 3.35197E+00 3.35186E+00 3.35176E+00 3.35166E+00 3.35156E+00 3.35147E+00 3.35139E+00 3.35130E+00 3.35122E+00 3.35115E+00 3.35108E+00 3.35101E+00 3.35094E+00 3.35088E+00 3.35082E+00 3.35076E+00 3.35070E+00 3.35065E+00 3.35060E+00 3.35055E+00 % total
];

MAT_fuelsalt_A = [
0.00000E+00 0.00000E+00 0.00000E+00 0.00000E+00 0.00000E+00 0.00000E+00 0.00000E+00 0.00000E+00 0.00000E+00 0.00000E+00 0.00000E+00 0.00000E+00 0.00000E+00 0.00000E+00 0.00000E+00 0.00000E+00 0.00000E+00 0.00000E+00 0.00000E+00 0.00000E+00 0.00000E+00 0.00000E+00 0.00000E+00 0.00000E+00 0.00000E+00 0.00000E+00 0.00000E+00 0.00000E+00 0.00000E+00 0.00000E+00 0.00000E+00 0.00000E+00 0.00000E+00 0.00000E+00 0.00000E+00 0.00000E+00 0.00000E+00 0.00000E+00 0.00000E+00 0.00000E+00 0.00000E+00 0.00000E+00 0.00000E+00 0.00000E+00 0.00000E+00 0.00000E+00 0.00000E+00 0.00000E+00 0.00000E+00 0.00000E+00 0.00000E+00 0.00000E+00 0.00000E+00 0.00000E+00 0.00000E+00 0.00000E+00 0.00000E+00 0.00000E+00 0.00000E+00 0.00000E+00 0.00000E+00 0.00000E+00 0.00000E+00 0.00000E+00 0.00000E+00 0.00000E+00 0.00000E+00 0.00000E+00 0.00000E+00 0.00000E+00 0.00000E+00 0.00000E+00 % lost data
1.15956E+12 6.24997E+19 7.04359E+19 9.12981E+19 1.00640E+20 1.08313E+20 1.12800E+20 1.13756E+20 1.14175E+20 1.13730E+20 1.13848E+20 1.14126E+20 1.13958E+20 1.14056E+20 1.13955E+20 1.13944E+20 1.13744E+20 1.13841E+20 1.13880E+20 1.13874E+20 1.13517E+20 1.13696E+20 1.13982E+20 1.13754E+20 1.13104E+20 1.13353E+20 1.13500E+20 1.13245E+20 1.15873E+20 1.15738E+20 1.15077E+20 1.14687E+20 1.14451E+20 1.14251E+20 1.13855E+20 1.13877E+20 1.13326E+20 1.13149E+20 1.13629E+20 1.13222E+20 1.12949E+20 1.12568E+20 1.13085E+20 1.12766E+20 1.12826E+20 1.12680E+20 1.12186E+20 1.12367E+20 1.12361E+20 1.12098E+20 1.11987E+20 1.11819E+20 1.11958E+20 1.12178E+20 1.11851E+20 1.11937E+20 1.12119E+20 1.11777E+20 1.11986E+20 1.11715E+20 1.11616E+20 1.11868E+20 1.11675E+20 1.11854E+20 1.11633E+20 1.11624E+20 1.11324E+20 1.11494E+20 1.11047E+20 1.11525E+20 1.11128E+20 1.11648E+20 % total
];

