
ZAI = [
666
0
];

NAMES = [
'lost            '
'total           '
];

iLOST    = 1;
iTOT     = 2;

MAT_fuelsalt_VOLUME = [ 1.36700E+07 1.36700E+07 1.36700E+07 1.36700E+07 1.36700E+07 1.36700E+07 1.36700E+07 1.36700E+07 1.36700E+07 1.36700E+07 1.36700E+07 1.36700E+07 1.36700E+07 1.36700E+07 1.36700E+07 1.36700E+07 1.36700E+07 1.36700E+07 1.36700E+07 1.36700E+07 1.36700E+07 1.36700E+07 1.36700E+07 1.36700E+07 1.36700E+07 1.36700E+07 1.36700E+07 1.36700E+07 1.36700E+07 1.36700E+07 1.36700E+07 1.36700E+07 1.36700E+07 1.36700E+07 1.36700E+07 1.36700E+07 1.36700E+07 1.36700E+07 1.36700E+07 1.36700E+07 1.36700E+07 1.36700E+07 1.36700E+07 1.36700E+07 1.36700E+07 1.36700E+07 1.36700E+07 1.36700E+07 1.36700E+07 1.36700E+07 1.36700E+07 1.36700E+07 1.36700E+07 1.36700E+07 1.36700E+07 1.36700E+07 1.36700E+07 1.36700E+07 1.36700E+07 1.36700E+07 1.36700E+07 1.36700E+07 1.36700E+07 1.36700E+07 1.36700E+07 1.36700E+07 1.36700E+07 1.36700E+07 1.36700E+07 1.36700E+07 1.36700E+07 1.36700E+07 ];

MAT_fuelsalt_BURNUP = [ 0.00000E+00 0.00000E+00 0.00000E+00 0.00000E+00 0.00000E+00 0.00000E+00 0.00000E+00 0.00000E+00 0.00000E+00 0.00000E+00 0.00000E+00 0.00000E+00 0.00000E+00 0.00000E+00 0.00000E+00 0.00000E+00 0.00000E+00 0.00000E+00 0.00000E+00 0.00000E+00 0.00000E+00 0.00000E+00 0.00000E+00 0.00000E+00 0.00000E+00 0.00000E+00 0.00000E+00 0.00000E+00 0.00000E+00 0.00000E+00 0.00000E+00 0.00000E+00 0.00000E+00 0.00000E+00 0.00000E+00 0.00000E+00 0.00000E+00 0.00000E+00 0.00000E+00 0.00000E+00 0.00000E+00 0.00000E+00 0.00000E+00 0.00000E+00 0.00000E+00 0.00000E+00 0.00000E+00 0.00000E+00 0.00000E+00 0.00000E+00 0.00000E+00 0.00000E+00 0.00000E+00 0.00000E+00 0.00000E+00 0.00000E+00 0.00000E+00 0.00000E+00 0.00000E+00 0.00000E+00 0.00000E+00 0.00000E+00 0.00000E+00 0.00000E+00 0.00000E+00 0.00000E+00 0.00000E+00 0.00000E+00 0.00000E+00 0.00000E+00 0.00000E+00 0.00000E+00 ];

MAT_fuelsalt_ADENS = [
0.00000E+00 5.40395E-17 1.07679E-16 2.58897E-15 7.74128E-15 1.80797E-14 3.60870E-14 5.37981E-14 7.11989E-14 8.83122E-14 1.05266E-13 1.22010E-13 1.38613E-13 1.54974E-13 1.71255E-13 1.87348E-13 2.03429E-13 2.19400E-13 2.35304E-13 2.51081E-13 2.66743E-13 2.82403E-13 2.97952E-13 3.13325E-13 3.28649E-13 3.43947E-13 3.59267E-13 3.74448E-13 4.40037E-13 5.04841E-13 5.69257E-13 6.33500E-13 6.96910E-13 7.60296E-13 8.23612E-13 8.86666E-13 9.49458E-13 1.01235E-12 1.07490E-12 1.13715E-12 1.19905E-12 1.26141E-12 1.32364E-12 1.38623E-12 1.44825E-12 1.51056E-12 1.57296E-12 1.63514E-12 1.69741E-12 1.75967E-12 1.82183E-12 1.88378E-12 1.94538E-12 2.00712E-12 2.06925E-12 2.13074E-12 2.19253E-12 2.25382E-12 2.31584E-12 2.37779E-12 2.44016E-12 2.50172E-12 2.56384E-12 2.62534E-12 2.68726E-12 2.74951E-12 2.81084E-12 2.87270E-12 2.93421E-12 2.99674E-12 3.05877E-12 3.12076E-12 % lost data
7.97438E-02 7.97438E-02 7.97438E-02 7.97438E-02 7.97439E-02 7.97441E-02 7.97443E-02 7.97446E-02 7.97448E-02 7.97451E-02 7.97454E-02 7.97456E-02 7.97459E-02 7.97461E-02 7.97464E-02 7.97467E-02 7.97469E-02 7.97472E-02 7.97474E-02 7.97477E-02 7.97479E-02 7.97482E-02 7.97485E-02 7.97487E-02 7.97490E-02 7.97492E-02 7.97495E-02 7.97497E-02 7.97509E-02 7.97520E-02 7.97531E-02 7.97542E-02 7.97552E-02 7.97563E-02 7.97574E-02 7.97584E-02 7.97594E-02 7.97604E-02 7.97614E-02 7.97624E-02 7.97634E-02 7.97644E-02 7.97653E-02 7.97663E-02 7.97672E-02 7.97681E-02 7.97690E-02 7.97699E-02 7.97708E-02 7.97717E-02 7.97725E-02 7.97734E-02 7.97742E-02 7.97751E-02 7.97759E-02 7.97767E-02 7.97775E-02 7.97783E-02 7.97791E-02 7.97799E-02 7.97806E-02 7.97814E-02 7.97821E-02 7.97829E-02 7.97836E-02 7.97843E-02 7.97850E-02 7.97857E-02 7.97864E-02 7.97871E-02 7.97877E-02 7.97884E-02 % total
];

MAT_fuelsalt_MDENS = [
0.00000E+00 0.00000E+00 0.00000E+00 0.00000E+00 0.00000E+00 0.00000E+00 0.00000E+00 0.00000E+00 0.00000E+00 0.00000E+00 0.00000E+00 0.00000E+00 0.00000E+00 0.00000E+00 0.00000E+00 0.00000E+00 0.00000E+00 0.00000E+00 0.00000E+00 0.00000E+00 0.00000E+00 0.00000E+00 0.00000E+00 0.00000E+00 0.00000E+00 0.00000E+00 0.00000E+00 0.00000E+00 0.00000E+00 0.00000E+00 0.00000E+00 0.00000E+00 0.00000E+00 0.00000E+00 0.00000E+00 0.00000E+00 0.00000E+00 0.00000E+00 0.00000E+00 0.00000E+00 0.00000E+00 0.00000E+00 0.00000E+00 0.00000E+00 0.00000E+00 0.00000E+00 0.00000E+00 0.00000E+00 0.00000E+00 0.00000E+00 0.00000E+00 0.00000E+00 0.00000E+00 0.00000E+00 0.00000E+00 0.00000E+00 0.00000E+00 0.00000E+00 0.00000E+00 0.00000E+00 0.00000E+00 0.00000E+00 0.00000E+00 0.00000E+00 0.00000E+00 0.00000E+00 0.00000E+00 0.00000E+00 0.00000E+00 0.00000E+00 0.00000E+00 0.00000E+00 % lost data
3.35931E+00 3.35931E+00 3.35931E+00 3.35930E+00 3.35927E+00 3.35921E+00 3.35910E+00 3.35899E+00 3.35888E+00 3.35877E+00 3.35866E+00 3.35856E+00 3.35845E+00 3.35834E+00 3.35824E+00 3.35813E+00 3.35802E+00 3.35792E+00 3.35781E+00 3.35771E+00 3.35760E+00 3.35750E+00 3.35740E+00 3.35729E+00 3.35719E+00 3.35709E+00 3.35699E+00 3.35689E+00 3.35645E+00 3.35601E+00 3.35559E+00 3.35517E+00 3.35475E+00 3.35434E+00 3.35394E+00 3.35354E+00 3.35315E+00 3.35277E+00 3.35239E+00 3.35201E+00 3.35164E+00 3.35128E+00 3.35092E+00 3.35056E+00 3.35021E+00 3.34987E+00 3.34953E+00 3.34919E+00 3.34886E+00 3.34853E+00 3.34820E+00 3.34788E+00 3.34757E+00 3.34726E+00 3.34695E+00 3.34664E+00 3.34635E+00 3.34605E+00 3.34576E+00 3.34547E+00 3.34518E+00 3.34490E+00 3.34462E+00 3.34435E+00 3.34408E+00 3.34381E+00 3.34355E+00 3.34329E+00 3.34303E+00 3.34278E+00 3.34253E+00 3.34228E+00 % total
];

MAT_fuelsalt_A = [
0.00000E+00 0.00000E+00 0.00000E+00 0.00000E+00 0.00000E+00 0.00000E+00 0.00000E+00 0.00000E+00 0.00000E+00 0.00000E+00 0.00000E+00 0.00000E+00 0.00000E+00 0.00000E+00 0.00000E+00 0.00000E+00 0.00000E+00 0.00000E+00 0.00000E+00 0.00000E+00 0.00000E+00 0.00000E+00 0.00000E+00 0.00000E+00 0.00000E+00 0.00000E+00 0.00000E+00 0.00000E+00 0.00000E+00 0.00000E+00 0.00000E+00 0.00000E+00 0.00000E+00 0.00000E+00 0.00000E+00 0.00000E+00 0.00000E+00 0.00000E+00 0.00000E+00 0.00000E+00 0.00000E+00 0.00000E+00 0.00000E+00 0.00000E+00 0.00000E+00 0.00000E+00 0.00000E+00 0.00000E+00 0.00000E+00 0.00000E+00 0.00000E+00 0.00000E+00 0.00000E+00 0.00000E+00 0.00000E+00 0.00000E+00 0.00000E+00 0.00000E+00 0.00000E+00 0.00000E+00 0.00000E+00 0.00000E+00 0.00000E+00 0.00000E+00 0.00000E+00 0.00000E+00 0.00000E+00 0.00000E+00 0.00000E+00 0.00000E+00 0.00000E+00 0.00000E+00 % lost data
1.15956E+12 6.25843E+19 7.05487E+19 9.13939E+19 1.00797E+20 1.08442E+20 1.13422E+20 1.14320E+20 1.14198E+20 1.14439E+20 1.14062E+20 1.14247E+20 1.13852E+20 1.13916E+20 1.14101E+20 1.13567E+20 1.13560E+20 1.13424E+20 1.13373E+20 1.13007E+20 1.13012E+20 1.13106E+20 1.12866E+20 1.12614E+20 1.12701E+20 1.12664E+20 1.12575E+20 1.12640E+20 1.16395E+20 1.15671E+20 1.15453E+20 1.14729E+20 1.14245E+20 1.14020E+20 1.13728E+20 1.12960E+20 1.12935E+20 1.12662E+20 1.12115E+20 1.12124E+20 1.12272E+20 1.11947E+20 1.11460E+20 1.11088E+20 1.10955E+20 1.10737E+20 1.10876E+20 1.10905E+20 1.10426E+20 1.10191E+20 1.10155E+20 1.10148E+20 1.10372E+20 1.09862E+20 1.09970E+20 1.09566E+20 1.09531E+20 1.09873E+20 1.09297E+20 1.09437E+20 1.09170E+20 1.09172E+20 1.09332E+20 1.09021E+20 1.08495E+20 1.08978E+20 1.08784E+20 1.08716E+20 1.08355E+20 1.08595E+20 1.08428E+20 1.08406E+20 % total
];

