
ZAI = [
666
0
];

NAMES = [
'lost            '
'total           '
];

iLOST    = 1;
iTOT     = 2;

MAT_fuelsalt_VOLUME = [ 1.36700E+07 1.36700E+07 1.36700E+07 1.36700E+07 1.36700E+07 1.36700E+07 1.36700E+07 1.36700E+07 1.36700E+07 1.36700E+07 1.36700E+07 1.36700E+07 1.36700E+07 1.36700E+07 1.36700E+07 1.36700E+07 1.36700E+07 1.36700E+07 1.36700E+07 1.36700E+07 1.36700E+07 1.36700E+07 1.36700E+07 1.36700E+07 1.36700E+07 1.36700E+07 1.36700E+07 1.36700E+07 1.36700E+07 1.36700E+07 1.36700E+07 1.36700E+07 1.36700E+07 1.36700E+07 1.36700E+07 1.36700E+07 1.36700E+07 1.36700E+07 1.36700E+07 1.36700E+07 1.36700E+07 1.36700E+07 1.36700E+07 1.36700E+07 1.36700E+07 1.36700E+07 1.36700E+07 1.36700E+07 1.36700E+07 1.36700E+07 1.36700E+07 1.36700E+07 1.36700E+07 1.36700E+07 1.36700E+07 1.36700E+07 1.36700E+07 1.36700E+07 1.36700E+07 1.36700E+07 1.36700E+07 1.36700E+07 1.36700E+07 1.36700E+07 1.36700E+07 1.36700E+07 1.36700E+07 1.36700E+07 1.36700E+07 1.36700E+07 1.36700E+07 1.36700E+07 ];

MAT_fuelsalt_BURNUP = [ 0.00000E+00 0.00000E+00 0.00000E+00 0.00000E+00 0.00000E+00 0.00000E+00 0.00000E+00 0.00000E+00 0.00000E+00 0.00000E+00 0.00000E+00 0.00000E+00 0.00000E+00 0.00000E+00 0.00000E+00 0.00000E+00 0.00000E+00 0.00000E+00 0.00000E+00 0.00000E+00 0.00000E+00 0.00000E+00 0.00000E+00 0.00000E+00 0.00000E+00 0.00000E+00 0.00000E+00 0.00000E+00 0.00000E+00 0.00000E+00 0.00000E+00 0.00000E+00 0.00000E+00 0.00000E+00 0.00000E+00 0.00000E+00 0.00000E+00 0.00000E+00 0.00000E+00 0.00000E+00 0.00000E+00 0.00000E+00 0.00000E+00 0.00000E+00 0.00000E+00 0.00000E+00 0.00000E+00 0.00000E+00 0.00000E+00 0.00000E+00 0.00000E+00 0.00000E+00 0.00000E+00 0.00000E+00 0.00000E+00 0.00000E+00 0.00000E+00 0.00000E+00 0.00000E+00 0.00000E+00 0.00000E+00 0.00000E+00 0.00000E+00 0.00000E+00 0.00000E+00 0.00000E+00 0.00000E+00 0.00000E+00 0.00000E+00 0.00000E+00 0.00000E+00 0.00000E+00 ];

MAT_fuelsalt_ADENS = [
0.00000E+00 5.41955E-17 1.08160E-16 2.58148E-15 7.76322E-15 1.81028E-14 3.61502E-14 5.37599E-14 7.12002E-14 8.84088E-14 1.05342E-13 1.22009E-13 1.38603E-13 1.54946E-13 1.71252E-13 1.87432E-13 2.03503E-13 2.19271E-13 2.34929E-13 2.50490E-13 2.66055E-13 2.81524E-13 2.96752E-13 3.11984E-13 3.27202E-13 3.42322E-13 3.57356E-13 3.72506E-13 4.36873E-13 5.00120E-13 5.62966E-13 6.25356E-13 6.87478E-13 7.49073E-13 8.10645E-13 8.71559E-13 9.32413E-13 9.93676E-13 1.05443E-12 1.11472E-12 1.17518E-12 1.23580E-12 1.29702E-12 1.35829E-12 1.41846E-12 1.47919E-12 1.53934E-12 1.59946E-12 1.66003E-12 1.72055E-12 1.78111E-12 1.84107E-12 1.90146E-12 1.96160E-12 2.02220E-12 2.08206E-12 2.14212E-12 2.20193E-12 2.26131E-12 2.32094E-12 2.38170E-12 2.44160E-12 2.50177E-12 2.56226E-12 2.62221E-12 2.68256E-12 2.74257E-12 2.80353E-12 2.86326E-12 2.92353E-12 2.98397E-12 3.04451E-12 % lost data
7.97438E-02 7.97438E-02 7.97438E-02 7.97438E-02 7.97439E-02 7.97441E-02 7.97443E-02 7.97446E-02 7.97448E-02 7.97451E-02 7.97453E-02 7.97456E-02 7.97459E-02 7.97461E-02 7.97464E-02 7.97466E-02 7.97469E-02 7.97471E-02 7.97474E-02 7.97476E-02 7.97479E-02 7.97482E-02 7.97484E-02 7.97487E-02 7.97489E-02 7.97492E-02 7.97494E-02 7.97497E-02 7.97508E-02 7.97519E-02 7.97530E-02 7.97540E-02 7.97551E-02 7.97561E-02 7.97572E-02 7.97582E-02 7.97592E-02 7.97602E-02 7.97612E-02 7.97622E-02 7.97631E-02 7.97641E-02 7.97650E-02 7.97659E-02 7.97669E-02 7.97678E-02 7.97686E-02 7.97695E-02 7.97704E-02 7.97713E-02 7.97721E-02 7.97729E-02 7.97738E-02 7.97746E-02 7.97754E-02 7.97762E-02 7.97770E-02 7.97777E-02 7.97785E-02 7.97792E-02 7.97800E-02 7.97807E-02 7.97814E-02 7.97822E-02 7.97829E-02 7.97836E-02 7.97842E-02 7.97849E-02 7.97856E-02 7.97862E-02 7.97869E-02 7.97875E-02 % total
];

MAT_fuelsalt_MDENS = [
0.00000E+00 0.00000E+00 0.00000E+00 0.00000E+00 0.00000E+00 0.00000E+00 0.00000E+00 0.00000E+00 0.00000E+00 0.00000E+00 0.00000E+00 0.00000E+00 0.00000E+00 0.00000E+00 0.00000E+00 0.00000E+00 0.00000E+00 0.00000E+00 0.00000E+00 0.00000E+00 0.00000E+00 0.00000E+00 0.00000E+00 0.00000E+00 0.00000E+00 0.00000E+00 0.00000E+00 0.00000E+00 0.00000E+00 0.00000E+00 0.00000E+00 0.00000E+00 0.00000E+00 0.00000E+00 0.00000E+00 0.00000E+00 0.00000E+00 0.00000E+00 0.00000E+00 0.00000E+00 0.00000E+00 0.00000E+00 0.00000E+00 0.00000E+00 0.00000E+00 0.00000E+00 0.00000E+00 0.00000E+00 0.00000E+00 0.00000E+00 0.00000E+00 0.00000E+00 0.00000E+00 0.00000E+00 0.00000E+00 0.00000E+00 0.00000E+00 0.00000E+00 0.00000E+00 0.00000E+00 0.00000E+00 0.00000E+00 0.00000E+00 0.00000E+00 0.00000E+00 0.00000E+00 0.00000E+00 0.00000E+00 0.00000E+00 0.00000E+00 0.00000E+00 0.00000E+00 % lost data
3.35931E+00 3.35931E+00 3.35931E+00 3.35930E+00 3.35927E+00 3.35922E+00 3.35911E+00 3.35901E+00 3.35891E+00 3.35880E+00 3.35870E+00 3.35860E+00 3.35850E+00 3.35839E+00 3.35829E+00 3.35819E+00 3.35809E+00 3.35799E+00 3.35790E+00 3.35780E+00 3.35770E+00 3.35760E+00 3.35750E+00 3.35741E+00 3.35731E+00 3.35721E+00 3.35712E+00 3.35702E+00 3.35661E+00 3.35621E+00 3.35581E+00 3.35542E+00 3.35504E+00 3.35466E+00 3.35429E+00 3.35393E+00 3.35356E+00 3.35321E+00 3.35286E+00 3.35252E+00 3.35218E+00 3.35184E+00 3.35151E+00 3.35119E+00 3.35087E+00 3.35056E+00 3.35024E+00 3.34994E+00 3.34964E+00 3.34934E+00 3.34905E+00 3.34876E+00 3.34847E+00 3.34819E+00 3.34791E+00 3.34764E+00 3.34737E+00 3.34711E+00 3.34684E+00 3.34659E+00 3.34633E+00 3.34608E+00 3.34583E+00 3.34559E+00 3.34535E+00 3.34511E+00 3.34488E+00 3.34465E+00 3.34442E+00 3.34419E+00 3.34397E+00 3.34375E+00 % total
];

MAT_fuelsalt_A = [
0.00000E+00 0.00000E+00 0.00000E+00 0.00000E+00 0.00000E+00 0.00000E+00 0.00000E+00 0.00000E+00 0.00000E+00 0.00000E+00 0.00000E+00 0.00000E+00 0.00000E+00 0.00000E+00 0.00000E+00 0.00000E+00 0.00000E+00 0.00000E+00 0.00000E+00 0.00000E+00 0.00000E+00 0.00000E+00 0.00000E+00 0.00000E+00 0.00000E+00 0.00000E+00 0.00000E+00 0.00000E+00 0.00000E+00 0.00000E+00 0.00000E+00 0.00000E+00 0.00000E+00 0.00000E+00 0.00000E+00 0.00000E+00 0.00000E+00 0.00000E+00 0.00000E+00 0.00000E+00 0.00000E+00 0.00000E+00 0.00000E+00 0.00000E+00 0.00000E+00 0.00000E+00 0.00000E+00 0.00000E+00 0.00000E+00 0.00000E+00 0.00000E+00 0.00000E+00 0.00000E+00 0.00000E+00 0.00000E+00 0.00000E+00 0.00000E+00 0.00000E+00 0.00000E+00 0.00000E+00 0.00000E+00 0.00000E+00 0.00000E+00 0.00000E+00 0.00000E+00 0.00000E+00 0.00000E+00 0.00000E+00 0.00000E+00 0.00000E+00 0.00000E+00 0.00000E+00 % lost data
1.15956E+12 6.25075E+19 7.05999E+19 9.11474E+19 1.00556E+20 1.08126E+20 1.12485E+20 1.13486E+20 1.14031E+20 1.14039E+20 1.14407E+20 1.14220E+20 1.14269E+20 1.14262E+20 1.14483E+20 1.14238E+20 1.14217E+20 1.14251E+20 1.14325E+20 1.14134E+20 1.14095E+20 1.14302E+20 1.14112E+20 1.14185E+20 1.14200E+20 1.14427E+20 1.14017E+20 1.14210E+20 1.16497E+20 1.16465E+20 1.16117E+20 1.16026E+20 1.15523E+20 1.15599E+20 1.14973E+20 1.14882E+20 1.14998E+20 1.14900E+20 1.14611E+20 1.14652E+20 1.14197E+20 1.14717E+20 1.14521E+20 1.14254E+20 1.14206E+20 1.14041E+20 1.14033E+20 1.13845E+20 1.13877E+20 1.14019E+20 1.13246E+20 1.13211E+20 1.13369E+20 1.13647E+20 1.13117E+20 1.13243E+20 1.13514E+20 1.13184E+20 1.13549E+20 1.13155E+20 1.13373E+20 1.13501E+20 1.12507E+20 1.13032E+20 1.12917E+20 1.12810E+20 1.12983E+20 1.12666E+20 1.12711E+20 1.12842E+20 1.12991E+20 1.12791E+20 % total
];

