
ZAI = [
666
0
];

NAMES = [
'lost            '
'total           '
];

iLOST    = 1;
iTOT     = 2;

MAT_fuelsalt_VOLUME = [ 1.36700E+07 1.36700E+07 1.36700E+07 1.36700E+07 1.36700E+07 1.36700E+07 1.36700E+07 1.36700E+07 1.36700E+07 1.36700E+07 1.36700E+07 1.36700E+07 1.36700E+07 1.36700E+07 1.36700E+07 1.36700E+07 1.36700E+07 1.36700E+07 1.36700E+07 1.36700E+07 1.36700E+07 1.36700E+07 1.36700E+07 1.36700E+07 1.36700E+07 1.36700E+07 1.36700E+07 1.36700E+07 1.36700E+07 1.36700E+07 1.36700E+07 1.36700E+07 1.36700E+07 1.36700E+07 1.36700E+07 1.36700E+07 1.36700E+07 1.36700E+07 1.36700E+07 1.36700E+07 1.36700E+07 1.36700E+07 1.36700E+07 1.36700E+07 1.36700E+07 1.36700E+07 1.36700E+07 1.36700E+07 1.36700E+07 1.36700E+07 1.36700E+07 1.36700E+07 1.36700E+07 1.36700E+07 1.36700E+07 1.36700E+07 1.36700E+07 1.36700E+07 1.36700E+07 1.36700E+07 1.36700E+07 1.36700E+07 1.36700E+07 1.36700E+07 1.36700E+07 1.36700E+07 1.36700E+07 1.36700E+07 1.36700E+07 1.36700E+07 1.36700E+07 1.36700E+07 ];

MAT_fuelsalt_BURNUP = [ 0.00000E+00 0.00000E+00 0.00000E+00 0.00000E+00 0.00000E+00 0.00000E+00 0.00000E+00 0.00000E+00 0.00000E+00 0.00000E+00 0.00000E+00 0.00000E+00 0.00000E+00 0.00000E+00 0.00000E+00 0.00000E+00 0.00000E+00 0.00000E+00 0.00000E+00 0.00000E+00 0.00000E+00 0.00000E+00 0.00000E+00 0.00000E+00 0.00000E+00 0.00000E+00 0.00000E+00 0.00000E+00 0.00000E+00 0.00000E+00 0.00000E+00 0.00000E+00 0.00000E+00 0.00000E+00 0.00000E+00 0.00000E+00 0.00000E+00 0.00000E+00 0.00000E+00 0.00000E+00 0.00000E+00 0.00000E+00 0.00000E+00 0.00000E+00 0.00000E+00 0.00000E+00 0.00000E+00 0.00000E+00 0.00000E+00 0.00000E+00 0.00000E+00 0.00000E+00 0.00000E+00 0.00000E+00 0.00000E+00 0.00000E+00 0.00000E+00 0.00000E+00 0.00000E+00 0.00000E+00 0.00000E+00 0.00000E+00 0.00000E+00 0.00000E+00 0.00000E+00 0.00000E+00 0.00000E+00 0.00000E+00 0.00000E+00 0.00000E+00 0.00000E+00 0.00000E+00 ];

MAT_fuelsalt_ADENS = [
0.00000E+00 5.11699E-17 1.02521E-16 2.47507E-15 7.41743E-15 1.73398E-14 3.47016E-14 5.17351E-14 6.84892E-14 8.51098E-14 1.01501E-13 1.17786E-13 1.34028E-13 1.49993E-13 1.65927E-13 1.81734E-13 1.97401E-13 2.12978E-13 2.28562E-13 2.44042E-13 2.59453E-13 2.74746E-13 2.90029E-13 3.05319E-13 3.20536E-13 3.35609E-13 3.50716E-13 3.65690E-13 4.31222E-13 4.95971E-13 5.60336E-13 6.24680E-13 6.88258E-13 7.51611E-13 8.14748E-13 8.77982E-13 9.40781E-13 1.00326E-12 1.06576E-12 1.12803E-12 1.19037E-12 1.25261E-12 1.31462E-12 1.37663E-12 1.43850E-12 1.50017E-12 1.56203E-12 1.62356E-12 1.68520E-12 1.74654E-12 1.80835E-12 1.87009E-12 1.93173E-12 1.99337E-12 2.05444E-12 2.11558E-12 2.17680E-12 2.23790E-12 2.29901E-12 2.36026E-12 2.42144E-12 2.48289E-12 2.54419E-12 2.60505E-12 2.66641E-12 2.72790E-12 2.78924E-12 2.85051E-12 2.91152E-12 2.97265E-12 3.03418E-12 3.09530E-12 % lost data
6.51224E-02 6.51224E-02 6.51224E-02 6.51224E-02 6.51225E-02 6.51227E-02 6.51230E-02 6.51233E-02 6.51235E-02 6.51238E-02 6.51241E-02 6.51243E-02 6.51246E-02 6.51249E-02 6.51251E-02 6.51254E-02 6.51256E-02 6.51259E-02 6.51261E-02 6.51264E-02 6.51266E-02 6.51269E-02 6.51271E-02 6.51274E-02 6.51276E-02 6.51278E-02 6.51281E-02 6.51283E-02 6.51293E-02 6.51303E-02 6.51313E-02 6.51322E-02 6.51330E-02 6.51339E-02 6.51347E-02 6.51355E-02 6.51362E-02 6.51370E-02 6.51377E-02 6.51383E-02 6.51390E-02 6.51396E-02 6.51402E-02 6.51408E-02 6.51413E-02 6.51419E-02 6.51424E-02 6.51429E-02 6.51434E-02 6.51439E-02 6.51443E-02 6.51447E-02 6.51452E-02 6.51456E-02 6.51459E-02 6.51463E-02 6.51467E-02 6.51470E-02 6.51474E-02 6.51477E-02 6.51480E-02 6.51483E-02 6.51486E-02 6.51489E-02 6.51491E-02 6.51494E-02 6.51497E-02 6.51499E-02 6.51501E-02 6.51504E-02 6.51506E-02 6.51508E-02 % total
];

MAT_fuelsalt_MDENS = [
0.00000E+00 0.00000E+00 0.00000E+00 0.00000E+00 0.00000E+00 0.00000E+00 0.00000E+00 0.00000E+00 0.00000E+00 0.00000E+00 0.00000E+00 0.00000E+00 0.00000E+00 0.00000E+00 0.00000E+00 0.00000E+00 0.00000E+00 0.00000E+00 0.00000E+00 0.00000E+00 0.00000E+00 0.00000E+00 0.00000E+00 0.00000E+00 0.00000E+00 0.00000E+00 0.00000E+00 0.00000E+00 0.00000E+00 0.00000E+00 0.00000E+00 0.00000E+00 0.00000E+00 0.00000E+00 0.00000E+00 0.00000E+00 0.00000E+00 0.00000E+00 0.00000E+00 0.00000E+00 0.00000E+00 0.00000E+00 0.00000E+00 0.00000E+00 0.00000E+00 0.00000E+00 0.00000E+00 0.00000E+00 0.00000E+00 0.00000E+00 0.00000E+00 0.00000E+00 0.00000E+00 0.00000E+00 0.00000E+00 0.00000E+00 0.00000E+00 0.00000E+00 0.00000E+00 0.00000E+00 0.00000E+00 0.00000E+00 0.00000E+00 0.00000E+00 0.00000E+00 0.00000E+00 0.00000E+00 0.00000E+00 0.00000E+00 0.00000E+00 0.00000E+00 0.00000E+00 % lost data
3.28019E+00 3.28019E+00 3.28019E+00 3.28017E+00 3.28014E+00 3.28007E+00 3.27995E+00 3.27983E+00 3.27971E+00 3.27960E+00 3.27948E+00 3.27936E+00 3.27925E+00 3.27913E+00 3.27902E+00 3.27891E+00 3.27880E+00 3.27869E+00 3.27858E+00 3.27847E+00 3.27836E+00 3.27825E+00 3.27815E+00 3.27804E+00 3.27794E+00 3.27784E+00 3.27774E+00 3.27764E+00 3.27720E+00 3.27678E+00 3.27638E+00 3.27599E+00 3.27562E+00 3.27526E+00 3.27492E+00 3.27459E+00 3.27427E+00 3.27396E+00 3.27366E+00 3.27337E+00 3.27310E+00 3.27283E+00 3.27258E+00 3.27233E+00 3.27209E+00 3.27186E+00 3.27164E+00 3.27142E+00 3.27122E+00 3.27102E+00 3.27083E+00 3.27064E+00 3.27046E+00 3.27029E+00 3.27012E+00 3.26996E+00 3.26981E+00 3.26966E+00 3.26951E+00 3.26937E+00 3.26924E+00 3.26911E+00 3.26899E+00 3.26887E+00 3.26875E+00 3.26864E+00 3.26853E+00 3.26843E+00 3.26832E+00 3.26823E+00 3.26813E+00 3.26804E+00 % total
];

MAT_fuelsalt_A = [
0.00000E+00 0.00000E+00 0.00000E+00 0.00000E+00 0.00000E+00 0.00000E+00 0.00000E+00 0.00000E+00 0.00000E+00 0.00000E+00 0.00000E+00 0.00000E+00 0.00000E+00 0.00000E+00 0.00000E+00 0.00000E+00 0.00000E+00 0.00000E+00 0.00000E+00 0.00000E+00 0.00000E+00 0.00000E+00 0.00000E+00 0.00000E+00 0.00000E+00 0.00000E+00 0.00000E+00 0.00000E+00 0.00000E+00 0.00000E+00 0.00000E+00 0.00000E+00 0.00000E+00 0.00000E+00 0.00000E+00 0.00000E+00 0.00000E+00 0.00000E+00 0.00000E+00 0.00000E+00 0.00000E+00 0.00000E+00 0.00000E+00 0.00000E+00 0.00000E+00 0.00000E+00 0.00000E+00 0.00000E+00 0.00000E+00 0.00000E+00 0.00000E+00 0.00000E+00 0.00000E+00 0.00000E+00 0.00000E+00 0.00000E+00 0.00000E+00 0.00000E+00 0.00000E+00 0.00000E+00 0.00000E+00 0.00000E+00 0.00000E+00 0.00000E+00 0.00000E+00 0.00000E+00 0.00000E+00 0.00000E+00 0.00000E+00 0.00000E+00 0.00000E+00 0.00000E+00 % lost data
1.31843E+12 6.34006E+19 7.10094E+19 9.31580E+19 1.02889E+20 1.10292E+20 1.15071E+20 1.15141E+20 1.15073E+20 1.14935E+20 1.14494E+20 1.14220E+20 1.13471E+20 1.13224E+20 1.13086E+20 1.12673E+20 1.12492E+20 1.12437E+20 1.12049E+20 1.11735E+20 1.11484E+20 1.11437E+20 1.11188E+20 1.10957E+20 1.10761E+20 1.10552E+20 1.10332E+20 1.10075E+20 1.14972E+20 1.14126E+20 1.12674E+20 1.11720E+20 1.11284E+20 1.10326E+20 1.10209E+20 1.09695E+20 1.09405E+20 1.08629E+20 1.08266E+20 1.07529E+20 1.07589E+20 1.07264E+20 1.06920E+20 1.06753E+20 1.06471E+20 1.06148E+20 1.06023E+20 1.05935E+20 1.05634E+20 1.05482E+20 1.05277E+20 1.05129E+20 1.05309E+20 1.04998E+20 1.04972E+20 1.04696E+20 1.04482E+20 1.04356E+20 1.04428E+20 1.04456E+20 1.04172E+20 1.04085E+20 1.04148E+20 1.03847E+20 1.03868E+20 1.03582E+20 1.03774E+20 1.03757E+20 1.03505E+20 1.03614E+20 1.03597E+20 1.03333E+20 % total
];

