
ZAI = [
666
0
];

NAMES = [
'lost            '
'total           '
];

iLOST    = 1;
iTOT     = 2;

MAT_fuelsalt_VOLUME = [ 1.36700E+07 1.36700E+07 1.36700E+07 1.36700E+07 1.36700E+07 1.36700E+07 1.36700E+07 1.36700E+07 1.36700E+07 1.36700E+07 1.36700E+07 1.36700E+07 1.36700E+07 1.36700E+07 1.36700E+07 1.36700E+07 1.36700E+07 1.36700E+07 1.36700E+07 1.36700E+07 1.36700E+07 1.36700E+07 1.36700E+07 1.36700E+07 1.36700E+07 1.36700E+07 1.36700E+07 1.36700E+07 1.36700E+07 1.36700E+07 1.36700E+07 1.36700E+07 1.36700E+07 1.36700E+07 1.36700E+07 1.36700E+07 1.36700E+07 1.36700E+07 1.36700E+07 1.36700E+07 1.36700E+07 1.36700E+07 1.36700E+07 1.36700E+07 1.36700E+07 1.36700E+07 1.36700E+07 1.36700E+07 1.36700E+07 1.36700E+07 1.36700E+07 1.36700E+07 1.36700E+07 1.36700E+07 1.36700E+07 1.36700E+07 1.36700E+07 1.36700E+07 1.36700E+07 1.36700E+07 1.36700E+07 1.36700E+07 1.36700E+07 1.36700E+07 1.36700E+07 1.36700E+07 1.36700E+07 1.36700E+07 1.36700E+07 1.36700E+07 1.36700E+07 1.36700E+07 ];

MAT_fuelsalt_BURNUP = [ 0.00000E+00 0.00000E+00 0.00000E+00 0.00000E+00 0.00000E+00 0.00000E+00 0.00000E+00 0.00000E+00 0.00000E+00 0.00000E+00 0.00000E+00 0.00000E+00 0.00000E+00 0.00000E+00 0.00000E+00 0.00000E+00 0.00000E+00 0.00000E+00 0.00000E+00 0.00000E+00 0.00000E+00 0.00000E+00 0.00000E+00 0.00000E+00 0.00000E+00 0.00000E+00 0.00000E+00 0.00000E+00 0.00000E+00 0.00000E+00 0.00000E+00 0.00000E+00 0.00000E+00 0.00000E+00 0.00000E+00 0.00000E+00 0.00000E+00 0.00000E+00 0.00000E+00 0.00000E+00 0.00000E+00 0.00000E+00 0.00000E+00 0.00000E+00 0.00000E+00 0.00000E+00 0.00000E+00 0.00000E+00 0.00000E+00 0.00000E+00 0.00000E+00 0.00000E+00 0.00000E+00 0.00000E+00 0.00000E+00 0.00000E+00 0.00000E+00 0.00000E+00 0.00000E+00 0.00000E+00 0.00000E+00 0.00000E+00 0.00000E+00 0.00000E+00 0.00000E+00 0.00000E+00 0.00000E+00 0.00000E+00 0.00000E+00 0.00000E+00 0.00000E+00 0.00000E+00 ];

MAT_fuelsalt_ADENS = [
0.00000E+00 5.13710E-17 1.02603E-16 2.45906E-15 7.40236E-15 1.72995E-14 3.44909E-14 5.15241E-14 6.84158E-14 8.50491E-14 1.01460E-13 1.17752E-13 1.34012E-13 1.50156E-13 1.66074E-13 1.82055E-13 1.97808E-13 2.13519E-13 2.29161E-13 2.44657E-13 2.60221E-13 2.75651E-13 2.91101E-13 3.06404E-13 3.21812E-13 3.37018E-13 3.52255E-13 3.67523E-13 4.32936E-13 4.98088E-13 5.63117E-13 6.27352E-13 6.92329E-13 7.56340E-13 8.20511E-13 8.84311E-13 9.49047E-13 1.01272E-12 1.07645E-12 1.14048E-12 1.20461E-12 1.26816E-12 1.33224E-12 1.39646E-12 1.45994E-12 1.52309E-12 1.58668E-12 1.65102E-12 1.71503E-12 1.77878E-12 1.84250E-12 1.90621E-12 1.96994E-12 2.03380E-12 2.09727E-12 2.16100E-12 2.22504E-12 2.28878E-12 2.35263E-12 2.41653E-12 2.48051E-12 2.54429E-12 2.60786E-12 2.67159E-12 2.73530E-12 2.79911E-12 2.86270E-12 2.92633E-12 2.99004E-12 3.05410E-12 3.11775E-12 3.18159E-12 % lost data
6.51224E-02 6.51224E-02 6.51224E-02 6.51224E-02 6.51225E-02 6.51227E-02 6.51230E-02 6.51232E-02 6.51235E-02 6.51237E-02 6.51239E-02 6.51242E-02 6.51244E-02 6.51246E-02 6.51248E-02 6.51250E-02 6.51252E-02 6.51253E-02 6.51255E-02 6.51257E-02 6.51259E-02 6.51260E-02 6.51262E-02 6.51263E-02 6.51265E-02 6.51266E-02 6.51267E-02 6.51269E-02 6.51274E-02 6.51278E-02 6.51282E-02 6.51286E-02 6.51288E-02 6.51291E-02 6.51293E-02 6.51295E-02 6.51296E-02 6.51298E-02 6.51299E-02 6.51300E-02 6.51301E-02 6.51301E-02 6.51302E-02 6.51303E-02 6.51303E-02 6.51304E-02 6.51304E-02 6.51304E-02 6.51304E-02 6.51305E-02 6.51305E-02 6.51305E-02 6.51305E-02 6.51305E-02 6.51305E-02 6.51305E-02 6.51306E-02 6.51306E-02 6.51306E-02 6.51306E-02 6.51306E-02 6.51306E-02 6.51306E-02 6.51306E-02 6.51306E-02 6.51306E-02 6.51306E-02 6.51306E-02 6.51306E-02 6.51306E-02 6.51306E-02 6.51306E-02 % total
];

MAT_fuelsalt_MDENS = [
0.00000E+00 0.00000E+00 0.00000E+00 0.00000E+00 0.00000E+00 0.00000E+00 0.00000E+00 0.00000E+00 0.00000E+00 0.00000E+00 0.00000E+00 0.00000E+00 0.00000E+00 0.00000E+00 0.00000E+00 0.00000E+00 0.00000E+00 0.00000E+00 0.00000E+00 0.00000E+00 0.00000E+00 0.00000E+00 0.00000E+00 0.00000E+00 0.00000E+00 0.00000E+00 0.00000E+00 0.00000E+00 0.00000E+00 0.00000E+00 0.00000E+00 0.00000E+00 0.00000E+00 0.00000E+00 0.00000E+00 0.00000E+00 0.00000E+00 0.00000E+00 0.00000E+00 0.00000E+00 0.00000E+00 0.00000E+00 0.00000E+00 0.00000E+00 0.00000E+00 0.00000E+00 0.00000E+00 0.00000E+00 0.00000E+00 0.00000E+00 0.00000E+00 0.00000E+00 0.00000E+00 0.00000E+00 0.00000E+00 0.00000E+00 0.00000E+00 0.00000E+00 0.00000E+00 0.00000E+00 0.00000E+00 0.00000E+00 0.00000E+00 0.00000E+00 0.00000E+00 0.00000E+00 0.00000E+00 0.00000E+00 0.00000E+00 0.00000E+00 0.00000E+00 0.00000E+00 % lost data
3.28019E+00 3.28019E+00 3.28019E+00 3.28017E+00 3.28015E+00 3.28009E+00 3.27999E+00 3.27988E+00 3.27979E+00 3.27969E+00 3.27960E+00 3.27951E+00 3.27943E+00 3.27935E+00 3.27927E+00 3.27919E+00 3.27912E+00 3.27905E+00 3.27898E+00 3.27891E+00 3.27885E+00 3.27879E+00 3.27873E+00 3.27867E+00 3.27862E+00 3.27856E+00 3.27851E+00 3.27846E+00 3.27826E+00 3.27809E+00 3.27795E+00 3.27782E+00 3.27771E+00 3.27762E+00 3.27754E+00 3.27747E+00 3.27741E+00 3.27736E+00 3.27732E+00 3.27728E+00 3.27725E+00 3.27723E+00 3.27720E+00 3.27718E+00 3.27716E+00 3.27715E+00 3.27714E+00 3.27713E+00 3.27712E+00 3.27711E+00 3.27710E+00 3.27710E+00 3.27709E+00 3.27709E+00 3.27708E+00 3.27708E+00 3.27708E+00 3.27707E+00 3.27707E+00 3.27707E+00 3.27707E+00 3.27707E+00 3.27707E+00 3.27706E+00 3.27706E+00 3.27706E+00 3.27706E+00 3.27706E+00 3.27706E+00 3.27706E+00 3.27706E+00 3.27706E+00 % total
];

MAT_fuelsalt_A = [
0.00000E+00 0.00000E+00 0.00000E+00 0.00000E+00 0.00000E+00 0.00000E+00 0.00000E+00 0.00000E+00 0.00000E+00 0.00000E+00 0.00000E+00 0.00000E+00 0.00000E+00 0.00000E+00 0.00000E+00 0.00000E+00 0.00000E+00 0.00000E+00 0.00000E+00 0.00000E+00 0.00000E+00 0.00000E+00 0.00000E+00 0.00000E+00 0.00000E+00 0.00000E+00 0.00000E+00 0.00000E+00 0.00000E+00 0.00000E+00 0.00000E+00 0.00000E+00 0.00000E+00 0.00000E+00 0.00000E+00 0.00000E+00 0.00000E+00 0.00000E+00 0.00000E+00 0.00000E+00 0.00000E+00 0.00000E+00 0.00000E+00 0.00000E+00 0.00000E+00 0.00000E+00 0.00000E+00 0.00000E+00 0.00000E+00 0.00000E+00 0.00000E+00 0.00000E+00 0.00000E+00 0.00000E+00 0.00000E+00 0.00000E+00 0.00000E+00 0.00000E+00 0.00000E+00 0.00000E+00 0.00000E+00 0.00000E+00 0.00000E+00 0.00000E+00 0.00000E+00 0.00000E+00 0.00000E+00 0.00000E+00 0.00000E+00 0.00000E+00 0.00000E+00 0.00000E+00 % lost data
1.31843E+12 6.34353E+19 7.09661E+19 9.29759E+19 1.02605E+20 1.09747E+20 1.13349E+20 1.13990E+20 1.14281E+20 1.14156E+20 1.14088E+20 1.14253E+20 1.13628E+20 1.13909E+20 1.13579E+20 1.13454E+20 1.13207E+20 1.13189E+20 1.13177E+20 1.12778E+20 1.12736E+20 1.12690E+20 1.12383E+20 1.12511E+20 1.12507E+20 1.12377E+20 1.12338E+20 1.11939E+20 1.13800E+20 1.13229E+20 1.12339E+20 1.12175E+20 1.11972E+20 1.11772E+20 1.11163E+20 1.11155E+20 1.11009E+20 1.10726E+20 1.10753E+20 1.10752E+20 1.10768E+20 1.10717E+20 1.11006E+20 1.10379E+20 1.10289E+20 1.10082E+20 1.10326E+20 1.10408E+20 1.10214E+20 1.10195E+20 1.10237E+20 1.10374E+20 1.09862E+20 1.09967E+20 1.10390E+20 1.10146E+20 1.10233E+20 1.10369E+20 1.10259E+20 1.09937E+20 1.10115E+20 1.10026E+20 1.10045E+20 1.10475E+20 1.10082E+20 1.10065E+20 1.09866E+20 1.10255E+20 1.10256E+20 1.09940E+20 1.09870E+20 1.10197E+20 % total
];

