
ZAI = [
666
0
];

NAMES = [
'lost            '
'total           '
];

iLOST    = 1;
iTOT     = 2;

MAT_fuelsalt_VOLUME = [ 1.36700E+07 1.36700E+07 1.36700E+07 1.36700E+07 1.36700E+07 1.36700E+07 1.36700E+07 1.36700E+07 1.36700E+07 1.36700E+07 1.36700E+07 1.36700E+07 1.36700E+07 1.36700E+07 1.36700E+07 1.36700E+07 1.36700E+07 1.36700E+07 1.36700E+07 1.36700E+07 1.36700E+07 1.36700E+07 1.36700E+07 1.36700E+07 1.36700E+07 1.36700E+07 1.36700E+07 1.36700E+07 1.36700E+07 1.36700E+07 1.36700E+07 1.36700E+07 1.36700E+07 1.36700E+07 1.36700E+07 1.36700E+07 1.36700E+07 1.36700E+07 1.36700E+07 1.36700E+07 1.36700E+07 1.36700E+07 1.36700E+07 1.36700E+07 1.36700E+07 1.36700E+07 1.36700E+07 1.36700E+07 1.36700E+07 1.36700E+07 1.36700E+07 1.36700E+07 1.36700E+07 1.36700E+07 1.36700E+07 1.36700E+07 1.36700E+07 1.36700E+07 1.36700E+07 1.36700E+07 1.36700E+07 1.36700E+07 1.36700E+07 1.36700E+07 1.36700E+07 1.36700E+07 1.36700E+07 1.36700E+07 1.36700E+07 1.36700E+07 1.36700E+07 1.36700E+07 ];

MAT_fuelsalt_BURNUP = [ 0.00000E+00 0.00000E+00 0.00000E+00 0.00000E+00 0.00000E+00 0.00000E+00 0.00000E+00 0.00000E+00 0.00000E+00 0.00000E+00 0.00000E+00 0.00000E+00 0.00000E+00 0.00000E+00 0.00000E+00 0.00000E+00 0.00000E+00 0.00000E+00 0.00000E+00 0.00000E+00 0.00000E+00 0.00000E+00 0.00000E+00 0.00000E+00 0.00000E+00 0.00000E+00 0.00000E+00 0.00000E+00 0.00000E+00 0.00000E+00 0.00000E+00 0.00000E+00 0.00000E+00 0.00000E+00 0.00000E+00 0.00000E+00 0.00000E+00 0.00000E+00 0.00000E+00 0.00000E+00 0.00000E+00 0.00000E+00 0.00000E+00 0.00000E+00 0.00000E+00 0.00000E+00 0.00000E+00 0.00000E+00 0.00000E+00 0.00000E+00 0.00000E+00 0.00000E+00 0.00000E+00 0.00000E+00 0.00000E+00 0.00000E+00 0.00000E+00 0.00000E+00 0.00000E+00 0.00000E+00 0.00000E+00 0.00000E+00 0.00000E+00 0.00000E+00 0.00000E+00 0.00000E+00 0.00000E+00 0.00000E+00 0.00000E+00 0.00000E+00 0.00000E+00 0.00000E+00 ];

MAT_fuelsalt_ADENS = [
0.00000E+00 5.10324E-17 1.02521E-16 2.46996E-15 7.44058E-15 1.73016E-14 3.43865E-14 5.13072E-14 6.80035E-14 8.46125E-14 1.01128E-13 1.17351E-13 1.33369E-13 1.49345E-13 1.65127E-13 1.80789E-13 1.96369E-13 2.11777E-13 2.27094E-13 2.42371E-13 2.57540E-13 2.72695E-13 2.87740E-13 3.02719E-13 3.17638E-13 3.32493E-13 3.47363E-13 3.62091E-13 4.24767E-13 4.87189E-13 5.48607E-13 6.09341E-13 6.69810E-13 7.29749E-13 7.89460E-13 8.48542E-13 9.07897E-13 9.67528E-13 1.02687E-12 1.08529E-12 1.14398E-12 1.20245E-12 1.26122E-12 1.31953E-12 1.37791E-12 1.43637E-12 1.49459E-12 1.55263E-12 1.61051E-12 1.66832E-12 1.72625E-12 1.78459E-12 1.84300E-12 1.90084E-12 1.95951E-12 2.01714E-12 2.07558E-12 2.13404E-12 2.19218E-12 2.25062E-12 2.30887E-12 2.36714E-12 2.42503E-12 2.48334E-12 2.54102E-12 2.59919E-12 2.65739E-12 2.71585E-12 2.77385E-12 2.83265E-12 2.89119E-12 2.94914E-12 % lost data
6.51224E-02 6.51224E-02 6.51224E-02 6.51224E-02 6.51225E-02 6.51227E-02 6.51230E-02 6.51232E-02 6.51235E-02 6.51238E-02 6.51240E-02 6.51243E-02 6.51246E-02 6.51248E-02 6.51251E-02 6.51253E-02 6.51256E-02 6.51258E-02 6.51261E-02 6.51263E-02 6.51266E-02 6.51268E-02 6.51271E-02 6.51273E-02 6.51275E-02 6.51278E-02 6.51280E-02 6.51282E-02 6.51292E-02 6.51302E-02 6.51311E-02 6.51320E-02 6.51329E-02 6.51337E-02 6.51345E-02 6.51353E-02 6.51360E-02 6.51367E-02 6.51374E-02 6.51381E-02 6.51387E-02 6.51394E-02 6.51400E-02 6.51405E-02 6.51411E-02 6.51416E-02 6.51421E-02 6.51426E-02 6.51431E-02 6.51436E-02 6.51440E-02 6.51444E-02 6.51449E-02 6.51453E-02 6.51456E-02 6.51460E-02 6.51464E-02 6.51467E-02 6.51470E-02 6.51474E-02 6.51477E-02 6.51480E-02 6.51482E-02 6.51485E-02 6.51488E-02 6.51490E-02 6.51493E-02 6.51495E-02 6.51497E-02 6.51499E-02 6.51502E-02 6.51504E-02 % total
];

MAT_fuelsalt_MDENS = [
0.00000E+00 0.00000E+00 0.00000E+00 0.00000E+00 0.00000E+00 0.00000E+00 0.00000E+00 0.00000E+00 0.00000E+00 0.00000E+00 0.00000E+00 0.00000E+00 0.00000E+00 0.00000E+00 0.00000E+00 0.00000E+00 0.00000E+00 0.00000E+00 0.00000E+00 0.00000E+00 0.00000E+00 0.00000E+00 0.00000E+00 0.00000E+00 0.00000E+00 0.00000E+00 0.00000E+00 0.00000E+00 0.00000E+00 0.00000E+00 0.00000E+00 0.00000E+00 0.00000E+00 0.00000E+00 0.00000E+00 0.00000E+00 0.00000E+00 0.00000E+00 0.00000E+00 0.00000E+00 0.00000E+00 0.00000E+00 0.00000E+00 0.00000E+00 0.00000E+00 0.00000E+00 0.00000E+00 0.00000E+00 0.00000E+00 0.00000E+00 0.00000E+00 0.00000E+00 0.00000E+00 0.00000E+00 0.00000E+00 0.00000E+00 0.00000E+00 0.00000E+00 0.00000E+00 0.00000E+00 0.00000E+00 0.00000E+00 0.00000E+00 0.00000E+00 0.00000E+00 0.00000E+00 0.00000E+00 0.00000E+00 0.00000E+00 0.00000E+00 0.00000E+00 0.00000E+00 % lost data
3.28019E+00 3.28019E+00 3.28019E+00 3.28018E+00 3.28015E+00 3.28009E+00 3.28000E+00 3.27990E+00 3.27980E+00 3.27970E+00 3.27960E+00 3.27951E+00 3.27941E+00 3.27932E+00 3.27922E+00 3.27913E+00 3.27904E+00 3.27895E+00 3.27886E+00 3.27877E+00 3.27869E+00 3.27860E+00 3.27851E+00 3.27843E+00 3.27834E+00 3.27826E+00 3.27818E+00 3.27810E+00 3.27775E+00 3.27742E+00 3.27710E+00 3.27680E+00 3.27650E+00 3.27622E+00 3.27595E+00 3.27569E+00 3.27545E+00 3.27521E+00 3.27498E+00 3.27476E+00 3.27454E+00 3.27434E+00 3.27414E+00 3.27395E+00 3.27377E+00 3.27360E+00 3.27343E+00 3.27327E+00 3.27311E+00 3.27297E+00 3.27282E+00 3.27268E+00 3.27255E+00 3.27242E+00 3.27230E+00 3.27218E+00 3.27207E+00 3.27196E+00 3.27185E+00 3.27175E+00 3.27165E+00 3.27156E+00 3.27147E+00 3.27138E+00 3.27130E+00 3.27122E+00 3.27114E+00 3.27107E+00 3.27100E+00 3.27093E+00 3.27086E+00 3.27080E+00 % total
];

MAT_fuelsalt_A = [
0.00000E+00 0.00000E+00 0.00000E+00 0.00000E+00 0.00000E+00 0.00000E+00 0.00000E+00 0.00000E+00 0.00000E+00 0.00000E+00 0.00000E+00 0.00000E+00 0.00000E+00 0.00000E+00 0.00000E+00 0.00000E+00 0.00000E+00 0.00000E+00 0.00000E+00 0.00000E+00 0.00000E+00 0.00000E+00 0.00000E+00 0.00000E+00 0.00000E+00 0.00000E+00 0.00000E+00 0.00000E+00 0.00000E+00 0.00000E+00 0.00000E+00 0.00000E+00 0.00000E+00 0.00000E+00 0.00000E+00 0.00000E+00 0.00000E+00 0.00000E+00 0.00000E+00 0.00000E+00 0.00000E+00 0.00000E+00 0.00000E+00 0.00000E+00 0.00000E+00 0.00000E+00 0.00000E+00 0.00000E+00 0.00000E+00 0.00000E+00 0.00000E+00 0.00000E+00 0.00000E+00 0.00000E+00 0.00000E+00 0.00000E+00 0.00000E+00 0.00000E+00 0.00000E+00 0.00000E+00 0.00000E+00 0.00000E+00 0.00000E+00 0.00000E+00 0.00000E+00 0.00000E+00 0.00000E+00 0.00000E+00 0.00000E+00 0.00000E+00 0.00000E+00 0.00000E+00 % lost data
1.31843E+12 6.34322E+19 7.09636E+19 9.29458E+19 1.02426E+20 1.09304E+20 1.12825E+20 1.14147E+20 1.14443E+20 1.14928E+20 1.15116E+20 1.15085E+20 1.15335E+20 1.15275E+20 1.15822E+20 1.15355E+20 1.15343E+20 1.15509E+20 1.15417E+20 1.15643E+20 1.15690E+20 1.15589E+20 1.15625E+20 1.15856E+20 1.15366E+20 1.15632E+20 1.15570E+20 1.15459E+20 1.16932E+20 1.16773E+20 1.17234E+20 1.17044E+20 1.16820E+20 1.16288E+20 1.16389E+20 1.16386E+20 1.16129E+20 1.16199E+20 1.16132E+20 1.16251E+20 1.16491E+20 1.16082E+20 1.16202E+20 1.15848E+20 1.15613E+20 1.15877E+20 1.15712E+20 1.16080E+20 1.15484E+20 1.16027E+20 1.15547E+20 1.15894E+20 1.15639E+20 1.15522E+20 1.15925E+20 1.15775E+20 1.15955E+20 1.15203E+20 1.15930E+20 1.15643E+20 1.15612E+20 1.15609E+20 1.15658E+20 1.15718E+20 1.15597E+20 1.15246E+20 1.15659E+20 1.15556E+20 1.14921E+20 1.15650E+20 1.15655E+20 1.15675E+20 % total
];

