
ZAI = [
666
0
];

NAMES = [
'lost            '
'total           '
];

iLOST    = 1;
iTOT     = 2;

MAT_fuelsalt_VOLUME = [ 1.36700E+07 1.36700E+07 1.36700E+07 1.36700E+07 1.36700E+07 1.36700E+07 1.36700E+07 1.36700E+07 1.36700E+07 1.36700E+07 1.36700E+07 1.36700E+07 1.36700E+07 1.36700E+07 1.36700E+07 1.36700E+07 1.36700E+07 1.36700E+07 1.36700E+07 1.36700E+07 1.36700E+07 1.36700E+07 1.36700E+07 1.36700E+07 1.36700E+07 1.36700E+07 1.36700E+07 1.36700E+07 1.36700E+07 1.36700E+07 1.36700E+07 1.36700E+07 1.36700E+07 1.36700E+07 1.36700E+07 1.36700E+07 1.36700E+07 1.36700E+07 1.36700E+07 1.36700E+07 1.36700E+07 1.36700E+07 1.36700E+07 1.36700E+07 1.36700E+07 1.36700E+07 1.36700E+07 1.36700E+07 1.36700E+07 1.36700E+07 1.36700E+07 1.36700E+07 1.36700E+07 1.36700E+07 1.36700E+07 1.36700E+07 1.36700E+07 1.36700E+07 1.36700E+07 1.36700E+07 1.36700E+07 1.36700E+07 1.36700E+07 1.36700E+07 1.36700E+07 1.36700E+07 1.36700E+07 1.36700E+07 1.36700E+07 1.36700E+07 1.36700E+07 1.36700E+07 ];

MAT_fuelsalt_BURNUP = [ 0.00000E+00 0.00000E+00 0.00000E+00 0.00000E+00 0.00000E+00 0.00000E+00 0.00000E+00 0.00000E+00 0.00000E+00 0.00000E+00 0.00000E+00 0.00000E+00 0.00000E+00 0.00000E+00 0.00000E+00 0.00000E+00 0.00000E+00 0.00000E+00 0.00000E+00 0.00000E+00 0.00000E+00 0.00000E+00 0.00000E+00 0.00000E+00 0.00000E+00 0.00000E+00 0.00000E+00 0.00000E+00 0.00000E+00 0.00000E+00 0.00000E+00 0.00000E+00 0.00000E+00 0.00000E+00 0.00000E+00 0.00000E+00 0.00000E+00 0.00000E+00 0.00000E+00 0.00000E+00 0.00000E+00 0.00000E+00 0.00000E+00 0.00000E+00 0.00000E+00 0.00000E+00 0.00000E+00 0.00000E+00 0.00000E+00 0.00000E+00 0.00000E+00 0.00000E+00 0.00000E+00 0.00000E+00 0.00000E+00 0.00000E+00 0.00000E+00 0.00000E+00 0.00000E+00 0.00000E+00 0.00000E+00 0.00000E+00 0.00000E+00 0.00000E+00 0.00000E+00 0.00000E+00 0.00000E+00 0.00000E+00 0.00000E+00 0.00000E+00 0.00000E+00 0.00000E+00 ];

MAT_fuelsalt_ADENS = [
0.00000E+00 5.35510E-17 1.07775E-16 2.59198E-15 7.75333E-15 1.80911E-14 3.59945E-14 5.36317E-14 7.10898E-14 8.82552E-14 1.05060E-13 1.21678E-13 1.38130E-13 1.54445E-13 1.70527E-13 1.86607E-13 2.02471E-13 2.18275E-13 2.33965E-13 2.49628E-13 2.65087E-13 2.80488E-13 2.95795E-13 3.11045E-13 3.26165E-13 3.41254E-13 3.56124E-13 3.71087E-13 4.35262E-13 4.98952E-13 5.61707E-13 6.24496E-13 6.86379E-13 7.47680E-13 8.08441E-13 8.69380E-13 9.29900E-13 9.90969E-13 1.05068E-12 1.11046E-12 1.17075E-12 1.23190E-12 1.29223E-12 1.35238E-12 1.41327E-12 1.47300E-12 1.53333E-12 1.59291E-12 1.65260E-12 1.71215E-12 1.77251E-12 1.83204E-12 1.89204E-12 1.95162E-12 2.01148E-12 2.07124E-12 2.13077E-12 2.18994E-12 2.24995E-12 2.30979E-12 2.37011E-12 2.43002E-12 2.49004E-12 2.54969E-12 2.60965E-12 2.67003E-12 2.73006E-12 2.78985E-12 2.85043E-12 2.91026E-12 2.97036E-12 3.03098E-12 % lost data
7.97438E-02 7.97438E-02 7.97438E-02 7.97438E-02 7.97439E-02 7.97441E-02 7.97443E-02 7.97446E-02 7.97448E-02 7.97451E-02 7.97454E-02 7.97456E-02 7.97459E-02 7.97461E-02 7.97464E-02 7.97467E-02 7.97469E-02 7.97472E-02 7.97474E-02 7.97477E-02 7.97480E-02 7.97482E-02 7.97485E-02 7.97488E-02 7.97490E-02 7.97493E-02 7.97495E-02 7.97498E-02 7.97510E-02 7.97521E-02 7.97533E-02 7.97544E-02 7.97555E-02 7.97567E-02 7.97578E-02 7.97589E-02 7.97600E-02 7.97612E-02 7.97623E-02 7.97634E-02 7.97645E-02 7.97656E-02 7.97667E-02 7.97677E-02 7.97688E-02 7.97699E-02 7.97709E-02 7.97720E-02 7.97731E-02 7.97741E-02 7.97751E-02 7.97762E-02 7.97772E-02 7.97782E-02 7.97793E-02 7.97803E-02 7.97813E-02 7.97823E-02 7.97833E-02 7.97843E-02 7.97852E-02 7.97862E-02 7.97872E-02 7.97881E-02 7.97891E-02 7.97901E-02 7.97910E-02 7.97919E-02 7.97929E-02 7.97938E-02 7.97947E-02 7.97957E-02 % total
];

MAT_fuelsalt_MDENS = [
0.00000E+00 0.00000E+00 0.00000E+00 0.00000E+00 0.00000E+00 0.00000E+00 0.00000E+00 0.00000E+00 0.00000E+00 0.00000E+00 0.00000E+00 0.00000E+00 0.00000E+00 0.00000E+00 0.00000E+00 0.00000E+00 0.00000E+00 0.00000E+00 0.00000E+00 0.00000E+00 0.00000E+00 0.00000E+00 0.00000E+00 0.00000E+00 0.00000E+00 0.00000E+00 0.00000E+00 0.00000E+00 0.00000E+00 0.00000E+00 0.00000E+00 0.00000E+00 0.00000E+00 0.00000E+00 0.00000E+00 0.00000E+00 0.00000E+00 0.00000E+00 0.00000E+00 0.00000E+00 0.00000E+00 0.00000E+00 0.00000E+00 0.00000E+00 0.00000E+00 0.00000E+00 0.00000E+00 0.00000E+00 0.00000E+00 0.00000E+00 0.00000E+00 0.00000E+00 0.00000E+00 0.00000E+00 0.00000E+00 0.00000E+00 0.00000E+00 0.00000E+00 0.00000E+00 0.00000E+00 0.00000E+00 0.00000E+00 0.00000E+00 0.00000E+00 0.00000E+00 0.00000E+00 0.00000E+00 0.00000E+00 0.00000E+00 0.00000E+00 0.00000E+00 0.00000E+00 % lost data
3.35931E+00 3.35931E+00 3.35931E+00 3.35930E+00 3.35927E+00 3.35922E+00 3.35911E+00 3.35901E+00 3.35890E+00 3.35880E+00 3.35870E+00 3.35859E+00 3.35849E+00 3.35839E+00 3.35828E+00 3.35818E+00 3.35808E+00 3.35798E+00 3.35787E+00 3.35777E+00 3.35767E+00 3.35757E+00 3.35747E+00 3.35737E+00 3.35727E+00 3.35717E+00 3.35707E+00 3.35697E+00 3.35654E+00 3.35612E+00 3.35570E+00 3.35528E+00 3.35486E+00 3.35445E+00 3.35405E+00 3.35364E+00 3.35324E+00 3.35284E+00 3.35245E+00 3.35206E+00 3.35167E+00 3.35128E+00 3.35090E+00 3.35052E+00 3.35014E+00 3.34977E+00 3.34939E+00 3.34902E+00 3.34866E+00 3.34829E+00 3.34793E+00 3.34757E+00 3.34721E+00 3.34686E+00 3.34650E+00 3.34615E+00 3.34580E+00 3.34546E+00 3.34511E+00 3.34477E+00 3.34443E+00 3.34410E+00 3.34376E+00 3.34343E+00 3.34310E+00 3.34277E+00 3.34244E+00 3.34212E+00 3.34180E+00 3.34148E+00 3.34116E+00 3.34084E+00 % total
];

MAT_fuelsalt_A = [
0.00000E+00 0.00000E+00 0.00000E+00 0.00000E+00 0.00000E+00 0.00000E+00 0.00000E+00 0.00000E+00 0.00000E+00 0.00000E+00 0.00000E+00 0.00000E+00 0.00000E+00 0.00000E+00 0.00000E+00 0.00000E+00 0.00000E+00 0.00000E+00 0.00000E+00 0.00000E+00 0.00000E+00 0.00000E+00 0.00000E+00 0.00000E+00 0.00000E+00 0.00000E+00 0.00000E+00 0.00000E+00 0.00000E+00 0.00000E+00 0.00000E+00 0.00000E+00 0.00000E+00 0.00000E+00 0.00000E+00 0.00000E+00 0.00000E+00 0.00000E+00 0.00000E+00 0.00000E+00 0.00000E+00 0.00000E+00 0.00000E+00 0.00000E+00 0.00000E+00 0.00000E+00 0.00000E+00 0.00000E+00 0.00000E+00 0.00000E+00 0.00000E+00 0.00000E+00 0.00000E+00 0.00000E+00 0.00000E+00 0.00000E+00 0.00000E+00 0.00000E+00 0.00000E+00 0.00000E+00 0.00000E+00 0.00000E+00 0.00000E+00 0.00000E+00 0.00000E+00 0.00000E+00 0.00000E+00 0.00000E+00 0.00000E+00 0.00000E+00 0.00000E+00 0.00000E+00 % lost data
1.15956E+12 6.24511E+19 7.05385E+19 9.13279E+19 1.00405E+20 1.08246E+20 1.13006E+20 1.13681E+20 1.14115E+20 1.14135E+20 1.14176E+20 1.14227E+20 1.14013E+20 1.14132E+20 1.14290E+20 1.14506E+20 1.14022E+20 1.14464E+20 1.14285E+20 1.14184E+20 1.14264E+20 1.14455E+20 1.14303E+20 1.14319E+20 1.14375E+20 1.14100E+20 1.13997E+20 1.14356E+20 1.16821E+20 1.16647E+20 1.16208E+20 1.16126E+20 1.16007E+20 1.15762E+20 1.15554E+20 1.15491E+20 1.15284E+20 1.14881E+20 1.14748E+20 1.14686E+20 1.14596E+20 1.14810E+20 1.14713E+20 1.14043E+20 1.13856E+20 1.14249E+20 1.14172E+20 1.14199E+20 1.14220E+20 1.13702E+20 1.14050E+20 1.13913E+20 1.13807E+20 1.13635E+20 1.13666E+20 1.13460E+20 1.13396E+20 1.13486E+20 1.13118E+20 1.13348E+20 1.13330E+20 1.13184E+20 1.13224E+20 1.13317E+20 1.13213E+20 1.12894E+20 1.12821E+20 1.12824E+20 1.12748E+20 1.12780E+20 1.12731E+20 1.12580E+20 % total
];

