
ZAI = [
666
0
];

NAMES = [
'lost            '
'total           '
];

iLOST    = 1;
iTOT     = 2;

MAT_fuelsalt_VOLUME = [ 1.36700E+07 1.36700E+07 1.36700E+07 1.36700E+07 1.36700E+07 1.36700E+07 1.36700E+07 1.36700E+07 1.36700E+07 1.36700E+07 1.36700E+07 1.36700E+07 1.36700E+07 1.36700E+07 1.36700E+07 1.36700E+07 1.36700E+07 1.36700E+07 1.36700E+07 1.36700E+07 1.36700E+07 1.36700E+07 1.36700E+07 1.36700E+07 1.36700E+07 1.36700E+07 1.36700E+07 1.36700E+07 1.36700E+07 1.36700E+07 1.36700E+07 1.36700E+07 1.36700E+07 1.36700E+07 1.36700E+07 1.36700E+07 1.36700E+07 1.36700E+07 1.36700E+07 1.36700E+07 1.36700E+07 1.36700E+07 1.36700E+07 1.36700E+07 1.36700E+07 1.36700E+07 1.36700E+07 1.36700E+07 1.36700E+07 1.36700E+07 1.36700E+07 1.36700E+07 1.36700E+07 1.36700E+07 1.36700E+07 1.36700E+07 1.36700E+07 1.36700E+07 1.36700E+07 1.36700E+07 1.36700E+07 1.36700E+07 1.36700E+07 1.36700E+07 1.36700E+07 1.36700E+07 1.36700E+07 1.36700E+07 1.36700E+07 1.36700E+07 1.36700E+07 1.36700E+07 ];

MAT_fuelsalt_BURNUP = [ 0.00000E+00 0.00000E+00 0.00000E+00 0.00000E+00 0.00000E+00 0.00000E+00 0.00000E+00 0.00000E+00 0.00000E+00 0.00000E+00 0.00000E+00 0.00000E+00 0.00000E+00 0.00000E+00 0.00000E+00 0.00000E+00 0.00000E+00 0.00000E+00 0.00000E+00 0.00000E+00 0.00000E+00 0.00000E+00 0.00000E+00 0.00000E+00 0.00000E+00 0.00000E+00 0.00000E+00 0.00000E+00 0.00000E+00 0.00000E+00 0.00000E+00 0.00000E+00 0.00000E+00 0.00000E+00 0.00000E+00 0.00000E+00 0.00000E+00 0.00000E+00 0.00000E+00 0.00000E+00 0.00000E+00 0.00000E+00 0.00000E+00 0.00000E+00 0.00000E+00 0.00000E+00 0.00000E+00 0.00000E+00 0.00000E+00 0.00000E+00 0.00000E+00 0.00000E+00 0.00000E+00 0.00000E+00 0.00000E+00 0.00000E+00 0.00000E+00 0.00000E+00 0.00000E+00 0.00000E+00 0.00000E+00 0.00000E+00 0.00000E+00 0.00000E+00 0.00000E+00 0.00000E+00 0.00000E+00 0.00000E+00 0.00000E+00 0.00000E+00 0.00000E+00 0.00000E+00 ];

MAT_fuelsalt_ADENS = [
0.00000E+00 5.10301E-17 1.02379E-16 2.45742E-15 7.41115E-15 1.72674E-14 3.43183E-14 5.12750E-14 6.79926E-14 8.44936E-14 1.00814E-13 1.17003E-13 1.33012E-13 1.48917E-13 1.64684E-13 1.80509E-13 1.95934E-13 2.11343E-13 2.26794E-13 2.42039E-13 2.57249E-13 2.72313E-13 2.87298E-13 3.02240E-13 3.16915E-13 3.31795E-13 3.46394E-13 3.61028E-13 4.23824E-13 4.84931E-13 5.45668E-13 6.05920E-13 6.65381E-13 7.24507E-13 7.83029E-13 8.41590E-13 8.99095E-13 9.56748E-13 1.01433E-12 1.07143E-12 1.12847E-12 1.18572E-12 1.24243E-12 1.29923E-12 1.35620E-12 1.41279E-12 1.46930E-12 1.52515E-12 1.58126E-12 1.63725E-12 1.69362E-12 1.75017E-12 1.80606E-12 1.86233E-12 1.91843E-12 1.97518E-12 2.03133E-12 2.08785E-12 2.14439E-12 2.20075E-12 2.25679E-12 2.31277E-12 2.36909E-12 2.42513E-12 2.48120E-12 2.53741E-12 2.59453E-12 2.65081E-12 2.70690E-12 2.76324E-12 2.81951E-12 2.87561E-12 % lost data
6.51224E-02 6.51224E-02 6.51224E-02 6.51224E-02 6.51225E-02 6.51227E-02 6.51230E-02 6.51232E-02 6.51235E-02 6.51238E-02 6.51241E-02 6.51243E-02 6.51246E-02 6.51249E-02 6.51252E-02 6.51254E-02 6.51257E-02 6.51260E-02 6.51262E-02 6.51265E-02 6.51268E-02 6.51271E-02 6.51273E-02 6.51276E-02 6.51279E-02 6.51281E-02 6.51284E-02 6.51287E-02 6.51298E-02 6.51310E-02 6.51321E-02 6.51333E-02 6.51344E-02 6.51355E-02 6.51366E-02 6.51377E-02 6.51388E-02 6.51399E-02 6.51409E-02 6.51420E-02 6.51431E-02 6.51441E-02 6.51451E-02 6.51461E-02 6.51471E-02 6.51481E-02 6.51491E-02 6.51501E-02 6.51511E-02 6.51520E-02 6.51530E-02 6.51539E-02 6.51549E-02 6.51558E-02 6.51567E-02 6.51576E-02 6.51585E-02 6.51594E-02 6.51603E-02 6.51611E-02 6.51620E-02 6.51628E-02 6.51637E-02 6.51645E-02 6.51653E-02 6.51661E-02 6.51669E-02 6.51677E-02 6.51685E-02 6.51693E-02 6.51701E-02 6.51708E-02 % total
];

MAT_fuelsalt_MDENS = [
0.00000E+00 0.00000E+00 0.00000E+00 0.00000E+00 0.00000E+00 0.00000E+00 0.00000E+00 0.00000E+00 0.00000E+00 0.00000E+00 0.00000E+00 0.00000E+00 0.00000E+00 0.00000E+00 0.00000E+00 0.00000E+00 0.00000E+00 0.00000E+00 0.00000E+00 0.00000E+00 0.00000E+00 0.00000E+00 0.00000E+00 0.00000E+00 0.00000E+00 0.00000E+00 0.00000E+00 0.00000E+00 0.00000E+00 0.00000E+00 0.00000E+00 0.00000E+00 0.00000E+00 0.00000E+00 0.00000E+00 0.00000E+00 0.00000E+00 0.00000E+00 0.00000E+00 0.00000E+00 0.00000E+00 0.00000E+00 0.00000E+00 0.00000E+00 0.00000E+00 0.00000E+00 0.00000E+00 0.00000E+00 0.00000E+00 0.00000E+00 0.00000E+00 0.00000E+00 0.00000E+00 0.00000E+00 0.00000E+00 0.00000E+00 0.00000E+00 0.00000E+00 0.00000E+00 0.00000E+00 0.00000E+00 0.00000E+00 0.00000E+00 0.00000E+00 0.00000E+00 0.00000E+00 0.00000E+00 0.00000E+00 0.00000E+00 0.00000E+00 0.00000E+00 0.00000E+00 % lost data
3.28019E+00 3.28019E+00 3.28019E+00 3.28018E+00 3.28015E+00 3.28009E+00 3.27999E+00 3.27989E+00 3.27979E+00 3.27969E+00 3.27959E+00 3.27949E+00 3.27939E+00 3.27929E+00 3.27919E+00 3.27909E+00 3.27900E+00 3.27890E+00 3.27880E+00 3.27870E+00 3.27861E+00 3.27851E+00 3.27841E+00 3.27832E+00 3.27822E+00 3.27813E+00 3.27803E+00 3.27794E+00 3.27753E+00 3.27713E+00 3.27674E+00 3.27635E+00 3.27596E+00 3.27558E+00 3.27521E+00 3.27484E+00 3.27448E+00 3.27412E+00 3.27376E+00 3.27341E+00 3.27306E+00 3.27272E+00 3.27238E+00 3.27204E+00 3.27171E+00 3.27139E+00 3.27106E+00 3.27074E+00 3.27043E+00 3.27011E+00 3.26981E+00 3.26950E+00 3.26920E+00 3.26890E+00 3.26860E+00 3.26831E+00 3.26802E+00 3.26774E+00 3.26746E+00 3.26718E+00 3.26690E+00 3.26663E+00 3.26636E+00 3.26609E+00 3.26583E+00 3.26556E+00 3.26531E+00 3.26505E+00 3.26480E+00 3.26455E+00 3.26430E+00 3.26406E+00 % total
];

MAT_fuelsalt_A = [
0.00000E+00 0.00000E+00 0.00000E+00 0.00000E+00 0.00000E+00 0.00000E+00 0.00000E+00 0.00000E+00 0.00000E+00 0.00000E+00 0.00000E+00 0.00000E+00 0.00000E+00 0.00000E+00 0.00000E+00 0.00000E+00 0.00000E+00 0.00000E+00 0.00000E+00 0.00000E+00 0.00000E+00 0.00000E+00 0.00000E+00 0.00000E+00 0.00000E+00 0.00000E+00 0.00000E+00 0.00000E+00 0.00000E+00 0.00000E+00 0.00000E+00 0.00000E+00 0.00000E+00 0.00000E+00 0.00000E+00 0.00000E+00 0.00000E+00 0.00000E+00 0.00000E+00 0.00000E+00 0.00000E+00 0.00000E+00 0.00000E+00 0.00000E+00 0.00000E+00 0.00000E+00 0.00000E+00 0.00000E+00 0.00000E+00 0.00000E+00 0.00000E+00 0.00000E+00 0.00000E+00 0.00000E+00 0.00000E+00 0.00000E+00 0.00000E+00 0.00000E+00 0.00000E+00 0.00000E+00 0.00000E+00 0.00000E+00 0.00000E+00 0.00000E+00 0.00000E+00 0.00000E+00 0.00000E+00 0.00000E+00 0.00000E+00 0.00000E+00 0.00000E+00 0.00000E+00 % lost data
1.31843E+12 6.34840E+19 7.10120E+19 9.27908E+19 1.02316E+20 1.09254E+20 1.13089E+20 1.14256E+20 1.14801E+20 1.14773E+20 1.15171E+20 1.15053E+20 1.15500E+20 1.15624E+20 1.15620E+20 1.15845E+20 1.15679E+20 1.15869E+20 1.15742E+20 1.15784E+20 1.15701E+20 1.15918E+20 1.16074E+20 1.15736E+20 1.15872E+20 1.15880E+20 1.16074E+20 1.15906E+20 1.17668E+20 1.17742E+20 1.17329E+20 1.17283E+20 1.17185E+20 1.17034E+20 1.17107E+20 1.16745E+20 1.17135E+20 1.17039E+20 1.16833E+20 1.17081E+20 1.16509E+20 1.16767E+20 1.17070E+20 1.16575E+20 1.16636E+20 1.16674E+20 1.16756E+20 1.16300E+20 1.16202E+20 1.16694E+20 1.16157E+20 1.16442E+20 1.16538E+20 1.16524E+20 1.16513E+20 1.16170E+20 1.16089E+20 1.16833E+20 1.16142E+20 1.16118E+20 1.16132E+20 1.16053E+20 1.16579E+20 1.16595E+20 1.16416E+20 1.16735E+20 1.16120E+20 1.16536E+20 1.16390E+20 1.15971E+20 1.16314E+20 1.16520E+20 % total
];

