
ZAI = [
666
0
];

NAMES = [
'lost            '
'total           '
];

iLOST    = 1;
iTOT     = 2;

MAT_fuelsalt_VOLUME = [ 1.36700E+07 1.36700E+07 1.36700E+07 1.36700E+07 1.36700E+07 1.36700E+07 1.36700E+07 1.36700E+07 1.36700E+07 1.36700E+07 1.36700E+07 1.36700E+07 1.36700E+07 1.36700E+07 1.36700E+07 1.36700E+07 1.36700E+07 1.36700E+07 1.36700E+07 1.36700E+07 1.36700E+07 1.36700E+07 1.36700E+07 1.36700E+07 1.36700E+07 1.36700E+07 1.36700E+07 1.36700E+07 1.36700E+07 1.36700E+07 1.36700E+07 1.36700E+07 1.36700E+07 1.36700E+07 1.36700E+07 1.36700E+07 1.36700E+07 1.36700E+07 1.36700E+07 1.36700E+07 1.36700E+07 1.36700E+07 1.36700E+07 1.36700E+07 1.36700E+07 1.36700E+07 1.36700E+07 1.36700E+07 1.36700E+07 1.36700E+07 1.36700E+07 1.36700E+07 1.36700E+07 1.36700E+07 1.36700E+07 1.36700E+07 1.36700E+07 1.36700E+07 1.36700E+07 1.36700E+07 1.36700E+07 1.36700E+07 1.36700E+07 1.36700E+07 1.36700E+07 1.36700E+07 1.36700E+07 1.36700E+07 1.36700E+07 1.36700E+07 1.36700E+07 1.36700E+07 ];

MAT_fuelsalt_BURNUP = [ 0.00000E+00 0.00000E+00 0.00000E+00 0.00000E+00 0.00000E+00 0.00000E+00 0.00000E+00 0.00000E+00 0.00000E+00 0.00000E+00 0.00000E+00 0.00000E+00 0.00000E+00 0.00000E+00 0.00000E+00 0.00000E+00 0.00000E+00 0.00000E+00 0.00000E+00 0.00000E+00 0.00000E+00 0.00000E+00 0.00000E+00 0.00000E+00 0.00000E+00 0.00000E+00 0.00000E+00 0.00000E+00 0.00000E+00 0.00000E+00 0.00000E+00 0.00000E+00 0.00000E+00 0.00000E+00 0.00000E+00 0.00000E+00 0.00000E+00 0.00000E+00 0.00000E+00 0.00000E+00 0.00000E+00 0.00000E+00 0.00000E+00 0.00000E+00 0.00000E+00 0.00000E+00 0.00000E+00 0.00000E+00 0.00000E+00 0.00000E+00 0.00000E+00 0.00000E+00 0.00000E+00 0.00000E+00 0.00000E+00 0.00000E+00 0.00000E+00 0.00000E+00 0.00000E+00 0.00000E+00 0.00000E+00 0.00000E+00 0.00000E+00 0.00000E+00 0.00000E+00 0.00000E+00 0.00000E+00 0.00000E+00 0.00000E+00 0.00000E+00 0.00000E+00 0.00000E+00 ];

MAT_fuelsalt_ADENS = [
0.00000E+00 5.42758E-17 1.08100E-16 2.59268E-15 7.76673E-15 1.80944E-14 3.58854E-14 5.34770E-14 7.08112E-14 8.78601E-14 1.04813E-13 1.21574E-13 1.38022E-13 1.54368E-13 1.70679E-13 1.86792E-13 2.02735E-13 2.18522E-13 2.34337E-13 2.49939E-13 2.65525E-13 2.81064E-13 2.96348E-13 3.11684E-13 3.26932E-13 3.42141E-13 3.57120E-13 3.72181E-13 4.36407E-13 4.99513E-13 5.62454E-13 6.24331E-13 6.85808E-13 7.47019E-13 8.07902E-13 8.68883E-13 9.29352E-13 9.89697E-13 1.04928E-12 1.10952E-12 1.16945E-12 1.22921E-12 1.28922E-12 1.34899E-12 1.40893E-12 1.46821E-12 1.52757E-12 1.58735E-12 1.64715E-12 1.70730E-12 1.76629E-12 1.82521E-12 1.88526E-12 1.94463E-12 2.00427E-12 2.06373E-12 2.12318E-12 2.18365E-12 2.24262E-12 2.30201E-12 2.36159E-12 2.42140E-12 2.48072E-12 2.53986E-12 2.59909E-12 2.65942E-12 2.71873E-12 2.77914E-12 2.83914E-12 2.89899E-12 2.95838E-12 3.01772E-12 % lost data
7.97438E-02 7.97438E-02 7.97438E-02 7.97438E-02 7.97439E-02 7.97441E-02 7.97443E-02 7.97446E-02 7.97448E-02 7.97451E-02 7.97453E-02 7.97456E-02 7.97458E-02 7.97461E-02 7.97463E-02 7.97466E-02 7.97468E-02 7.97471E-02 7.97473E-02 7.97476E-02 7.97478E-02 7.97481E-02 7.97483E-02 7.97486E-02 7.97488E-02 7.97490E-02 7.97493E-02 7.97495E-02 7.97506E-02 7.97516E-02 7.97526E-02 7.97536E-02 7.97545E-02 7.97555E-02 7.97564E-02 7.97573E-02 7.97582E-02 7.97591E-02 7.97599E-02 7.97607E-02 7.97616E-02 7.97623E-02 7.97631E-02 7.97639E-02 7.97646E-02 7.97654E-02 7.97661E-02 7.97668E-02 7.97675E-02 7.97682E-02 7.97688E-02 7.97694E-02 7.97701E-02 7.97707E-02 7.97713E-02 7.97719E-02 7.97725E-02 7.97730E-02 7.97736E-02 7.97741E-02 7.97746E-02 7.97751E-02 7.97756E-02 7.97761E-02 7.97766E-02 7.97771E-02 7.97775E-02 7.97780E-02 7.97784E-02 7.97789E-02 7.97793E-02 7.97797E-02 % total
];

MAT_fuelsalt_MDENS = [
0.00000E+00 0.00000E+00 0.00000E+00 0.00000E+00 0.00000E+00 0.00000E+00 0.00000E+00 0.00000E+00 0.00000E+00 0.00000E+00 0.00000E+00 0.00000E+00 0.00000E+00 0.00000E+00 0.00000E+00 0.00000E+00 0.00000E+00 0.00000E+00 0.00000E+00 0.00000E+00 0.00000E+00 0.00000E+00 0.00000E+00 0.00000E+00 0.00000E+00 0.00000E+00 0.00000E+00 0.00000E+00 0.00000E+00 0.00000E+00 0.00000E+00 0.00000E+00 0.00000E+00 0.00000E+00 0.00000E+00 0.00000E+00 0.00000E+00 0.00000E+00 0.00000E+00 0.00000E+00 0.00000E+00 0.00000E+00 0.00000E+00 0.00000E+00 0.00000E+00 0.00000E+00 0.00000E+00 0.00000E+00 0.00000E+00 0.00000E+00 0.00000E+00 0.00000E+00 0.00000E+00 0.00000E+00 0.00000E+00 0.00000E+00 0.00000E+00 0.00000E+00 0.00000E+00 0.00000E+00 0.00000E+00 0.00000E+00 0.00000E+00 0.00000E+00 0.00000E+00 0.00000E+00 0.00000E+00 0.00000E+00 0.00000E+00 0.00000E+00 0.00000E+00 0.00000E+00 % lost data
3.35931E+00 3.35931E+00 3.35931E+00 3.35930E+00 3.35927E+00 3.35922E+00 3.35912E+00 3.35902E+00 3.35892E+00 3.35882E+00 3.35872E+00 3.35862E+00 3.35852E+00 3.35842E+00 3.35832E+00 3.35823E+00 3.35813E+00 3.35804E+00 3.35794E+00 3.35785E+00 3.35776E+00 3.35767E+00 3.35757E+00 3.35748E+00 3.35739E+00 3.35730E+00 3.35721E+00 3.35713E+00 3.35675E+00 3.35638E+00 3.35602E+00 3.35567E+00 3.35533E+00 3.35500E+00 3.35467E+00 3.35436E+00 3.35405E+00 3.35375E+00 3.35346E+00 3.35318E+00 3.35290E+00 3.35263E+00 3.35236E+00 3.35210E+00 3.35185E+00 3.35160E+00 3.35136E+00 3.35113E+00 3.35090E+00 3.35068E+00 3.35046E+00 3.35024E+00 3.35004E+00 3.34983E+00 3.34963E+00 3.34944E+00 3.34925E+00 3.34907E+00 3.34888E+00 3.34871E+00 3.34854E+00 3.34837E+00 3.34820E+00 3.34804E+00 3.34789E+00 3.34773E+00 3.34758E+00 3.34744E+00 3.34729E+00 3.34715E+00 3.34702E+00 3.34688E+00 % total
];

MAT_fuelsalt_A = [
0.00000E+00 0.00000E+00 0.00000E+00 0.00000E+00 0.00000E+00 0.00000E+00 0.00000E+00 0.00000E+00 0.00000E+00 0.00000E+00 0.00000E+00 0.00000E+00 0.00000E+00 0.00000E+00 0.00000E+00 0.00000E+00 0.00000E+00 0.00000E+00 0.00000E+00 0.00000E+00 0.00000E+00 0.00000E+00 0.00000E+00 0.00000E+00 0.00000E+00 0.00000E+00 0.00000E+00 0.00000E+00 0.00000E+00 0.00000E+00 0.00000E+00 0.00000E+00 0.00000E+00 0.00000E+00 0.00000E+00 0.00000E+00 0.00000E+00 0.00000E+00 0.00000E+00 0.00000E+00 0.00000E+00 0.00000E+00 0.00000E+00 0.00000E+00 0.00000E+00 0.00000E+00 0.00000E+00 0.00000E+00 0.00000E+00 0.00000E+00 0.00000E+00 0.00000E+00 0.00000E+00 0.00000E+00 0.00000E+00 0.00000E+00 0.00000E+00 0.00000E+00 0.00000E+00 0.00000E+00 0.00000E+00 0.00000E+00 0.00000E+00 0.00000E+00 0.00000E+00 0.00000E+00 0.00000E+00 0.00000E+00 0.00000E+00 0.00000E+00 0.00000E+00 0.00000E+00 % lost data
1.15956E+12 6.25507E+19 7.05558E+19 9.13631E+19 1.00450E+20 1.07994E+20 1.12256E+20 1.13255E+20 1.13553E+20 1.14007E+20 1.13990E+20 1.14227E+20 1.14343E+20 1.14459E+20 1.14542E+20 1.14286E+20 1.14317E+20 1.14292E+20 1.14571E+20 1.14495E+20 1.14546E+20 1.14294E+20 1.14747E+20 1.14618E+20 1.14380E+20 1.14319E+20 1.14318E+20 1.14457E+20 1.16826E+20 1.16651E+20 1.16221E+20 1.16101E+20 1.16087E+20 1.15828E+20 1.15530E+20 1.16095E+20 1.15995E+20 1.15803E+20 1.15705E+20 1.15375E+20 1.15733E+20 1.15298E+20 1.15500E+20 1.15516E+20 1.15498E+20 1.15509E+20 1.15338E+20 1.15247E+20 1.15355E+20 1.15390E+20 1.14994E+20 1.15069E+20 1.15000E+20 1.15404E+20 1.15618E+20 1.15198E+20 1.15158E+20 1.14930E+20 1.15253E+20 1.15166E+20 1.15051E+20 1.14877E+20 1.15043E+20 1.15065E+20 1.15221E+20 1.14994E+20 1.14600E+20 1.15051E+20 1.14594E+20 1.14797E+20 1.14639E+20 1.14799E+20 % total
];

