
ZAI = [
666
0
];

NAMES = [
'lost            '
'total           '
];

iLOST    = 1;
iTOT     = 2;

MAT_fuelsalt_VOLUME = [ 1.36700E+07 1.36700E+07 1.36700E+07 1.36700E+07 1.36700E+07 1.36700E+07 1.36700E+07 1.36700E+07 1.36700E+07 1.36700E+07 1.36700E+07 1.36700E+07 1.36700E+07 1.36700E+07 1.36700E+07 1.36700E+07 1.36700E+07 1.36700E+07 1.36700E+07 1.36700E+07 1.36700E+07 1.36700E+07 1.36700E+07 1.36700E+07 1.36700E+07 1.36700E+07 1.36700E+07 1.36700E+07 1.36700E+07 1.36700E+07 1.36700E+07 1.36700E+07 1.36700E+07 1.36700E+07 1.36700E+07 1.36700E+07 1.36700E+07 1.36700E+07 1.36700E+07 1.36700E+07 1.36700E+07 1.36700E+07 1.36700E+07 1.36700E+07 1.36700E+07 1.36700E+07 1.36700E+07 1.36700E+07 1.36700E+07 1.36700E+07 1.36700E+07 1.36700E+07 1.36700E+07 1.36700E+07 1.36700E+07 1.36700E+07 1.36700E+07 1.36700E+07 1.36700E+07 1.36700E+07 1.36700E+07 1.36700E+07 1.36700E+07 1.36700E+07 1.36700E+07 1.36700E+07 1.36700E+07 1.36700E+07 1.36700E+07 1.36700E+07 1.36700E+07 1.36700E+07 ];

MAT_fuelsalt_BURNUP = [ 0.00000E+00 0.00000E+00 0.00000E+00 0.00000E+00 0.00000E+00 0.00000E+00 0.00000E+00 0.00000E+00 0.00000E+00 0.00000E+00 0.00000E+00 0.00000E+00 0.00000E+00 0.00000E+00 0.00000E+00 0.00000E+00 0.00000E+00 0.00000E+00 0.00000E+00 0.00000E+00 0.00000E+00 0.00000E+00 0.00000E+00 0.00000E+00 0.00000E+00 0.00000E+00 0.00000E+00 0.00000E+00 0.00000E+00 0.00000E+00 0.00000E+00 0.00000E+00 0.00000E+00 0.00000E+00 0.00000E+00 0.00000E+00 0.00000E+00 0.00000E+00 0.00000E+00 0.00000E+00 0.00000E+00 0.00000E+00 0.00000E+00 0.00000E+00 0.00000E+00 0.00000E+00 0.00000E+00 0.00000E+00 0.00000E+00 0.00000E+00 0.00000E+00 0.00000E+00 0.00000E+00 0.00000E+00 0.00000E+00 0.00000E+00 0.00000E+00 0.00000E+00 0.00000E+00 0.00000E+00 0.00000E+00 0.00000E+00 0.00000E+00 0.00000E+00 0.00000E+00 0.00000E+00 0.00000E+00 0.00000E+00 0.00000E+00 0.00000E+00 0.00000E+00 0.00000E+00 ];

MAT_fuelsalt_ADENS = [
0.00000E+00 5.16670E-17 1.03118E-16 2.47195E-15 7.42779E-15 1.72936E-14 3.43955E-14 5.13603E-14 6.81256E-14 8.46248E-14 1.00996E-13 1.17217E-13 1.33212E-13 1.49103E-13 1.64920E-13 1.80618E-13 1.96038E-13 2.11411E-13 2.26741E-13 2.41946E-13 2.56972E-13 2.72139E-13 2.87085E-13 3.01955E-13 3.16713E-13 3.31503E-13 3.46204E-13 3.60833E-13 4.23538E-13 4.85588E-13 5.46790E-13 6.06840E-13 6.66590E-13 7.25505E-13 7.84363E-13 8.43167E-13 9.01125E-13 9.58846E-13 1.01619E-12 1.07370E-12 1.13094E-12 1.18810E-12 1.24546E-12 1.30286E-12 1.35989E-12 1.41724E-12 1.47418E-12 1.53175E-12 1.58806E-12 1.64452E-12 1.70088E-12 1.75765E-12 1.81410E-12 1.87127E-12 1.92824E-12 1.98472E-12 2.04140E-12 2.09821E-12 2.15424E-12 2.21119E-12 2.26743E-12 2.32379E-12 2.38001E-12 2.43641E-12 2.49291E-12 2.54941E-12 2.60649E-12 2.66364E-12 2.72086E-12 2.77707E-12 2.83405E-12 2.89060E-12 % lost data
6.51224E-02 6.51224E-02 6.51224E-02 6.51224E-02 6.51225E-02 6.51227E-02 6.51230E-02 6.51232E-02 6.51235E-02 6.51238E-02 6.51241E-02 6.51243E-02 6.51246E-02 6.51249E-02 6.51252E-02 6.51254E-02 6.51257E-02 6.51260E-02 6.51263E-02 6.51265E-02 6.51268E-02 6.51271E-02 6.51274E-02 6.51276E-02 6.51279E-02 6.51282E-02 6.51285E-02 6.51287E-02 6.51299E-02 6.51311E-02 6.51323E-02 6.51334E-02 6.51346E-02 6.51357E-02 6.51369E-02 6.51380E-02 6.51391E-02 6.51402E-02 6.51414E-02 6.51425E-02 6.51436E-02 6.51447E-02 6.51457E-02 6.51468E-02 6.51479E-02 6.51489E-02 6.51500E-02 6.51510E-02 6.51521E-02 6.51531E-02 6.51541E-02 6.51551E-02 6.51561E-02 6.51571E-02 6.51581E-02 6.51591E-02 6.51601E-02 6.51611E-02 6.51620E-02 6.51630E-02 6.51639E-02 6.51649E-02 6.51658E-02 6.51667E-02 6.51676E-02 6.51685E-02 6.51694E-02 6.51703E-02 6.51712E-02 6.51721E-02 6.51730E-02 6.51739E-02 % total
];

MAT_fuelsalt_MDENS = [
0.00000E+00 0.00000E+00 0.00000E+00 0.00000E+00 0.00000E+00 0.00000E+00 0.00000E+00 0.00000E+00 0.00000E+00 0.00000E+00 0.00000E+00 0.00000E+00 0.00000E+00 0.00000E+00 0.00000E+00 0.00000E+00 0.00000E+00 0.00000E+00 0.00000E+00 0.00000E+00 0.00000E+00 0.00000E+00 0.00000E+00 0.00000E+00 0.00000E+00 0.00000E+00 0.00000E+00 0.00000E+00 0.00000E+00 0.00000E+00 0.00000E+00 0.00000E+00 0.00000E+00 0.00000E+00 0.00000E+00 0.00000E+00 0.00000E+00 0.00000E+00 0.00000E+00 0.00000E+00 0.00000E+00 0.00000E+00 0.00000E+00 0.00000E+00 0.00000E+00 0.00000E+00 0.00000E+00 0.00000E+00 0.00000E+00 0.00000E+00 0.00000E+00 0.00000E+00 0.00000E+00 0.00000E+00 0.00000E+00 0.00000E+00 0.00000E+00 0.00000E+00 0.00000E+00 0.00000E+00 0.00000E+00 0.00000E+00 0.00000E+00 0.00000E+00 0.00000E+00 0.00000E+00 0.00000E+00 0.00000E+00 0.00000E+00 0.00000E+00 0.00000E+00 0.00000E+00 % lost data
3.28019E+00 3.28019E+00 3.28019E+00 3.28018E+00 3.28015E+00 3.28009E+00 3.27999E+00 3.27989E+00 3.27979E+00 3.27969E+00 3.27959E+00 3.27948E+00 3.27938E+00 3.27928E+00 3.27918E+00 3.27908E+00 3.27898E+00 3.27888E+00 3.27878E+00 3.27868E+00 3.27858E+00 3.27849E+00 3.27839E+00 3.27829E+00 3.27819E+00 3.27810E+00 3.27800E+00 3.27790E+00 3.27748E+00 3.27707E+00 3.27666E+00 3.27626E+00 3.27586E+00 3.27547E+00 3.27508E+00 3.27469E+00 3.27431E+00 3.27393E+00 3.27355E+00 3.27318E+00 3.27281E+00 3.27244E+00 3.27208E+00 3.27172E+00 3.27136E+00 3.27101E+00 3.27066E+00 3.27031E+00 3.26997E+00 3.26962E+00 3.26929E+00 3.26895E+00 3.26862E+00 3.26829E+00 3.26796E+00 3.26764E+00 3.26732E+00 3.26700E+00 3.26668E+00 3.26637E+00 3.26606E+00 3.26575E+00 3.26544E+00 3.26514E+00 3.26484E+00 3.26454E+00 3.26424E+00 3.26395E+00 3.26366E+00 3.26337E+00 3.26308E+00 3.26280E+00 % total
];

MAT_fuelsalt_A = [
0.00000E+00 0.00000E+00 0.00000E+00 0.00000E+00 0.00000E+00 0.00000E+00 0.00000E+00 0.00000E+00 0.00000E+00 0.00000E+00 0.00000E+00 0.00000E+00 0.00000E+00 0.00000E+00 0.00000E+00 0.00000E+00 0.00000E+00 0.00000E+00 0.00000E+00 0.00000E+00 0.00000E+00 0.00000E+00 0.00000E+00 0.00000E+00 0.00000E+00 0.00000E+00 0.00000E+00 0.00000E+00 0.00000E+00 0.00000E+00 0.00000E+00 0.00000E+00 0.00000E+00 0.00000E+00 0.00000E+00 0.00000E+00 0.00000E+00 0.00000E+00 0.00000E+00 0.00000E+00 0.00000E+00 0.00000E+00 0.00000E+00 0.00000E+00 0.00000E+00 0.00000E+00 0.00000E+00 0.00000E+00 0.00000E+00 0.00000E+00 0.00000E+00 0.00000E+00 0.00000E+00 0.00000E+00 0.00000E+00 0.00000E+00 0.00000E+00 0.00000E+00 0.00000E+00 0.00000E+00 0.00000E+00 0.00000E+00 0.00000E+00 0.00000E+00 0.00000E+00 0.00000E+00 0.00000E+00 0.00000E+00 0.00000E+00 0.00000E+00 0.00000E+00 0.00000E+00 % lost data
1.31843E+12 6.34273E+19 7.10442E+19 9.26284E+19 1.02484E+20 1.09188E+20 1.13292E+20 1.14217E+20 1.14706E+20 1.15195E+20 1.15217E+20 1.15653E+20 1.15442E+20 1.15329E+20 1.15571E+20 1.15695E+20 1.15383E+20 1.15797E+20 1.15523E+20 1.15597E+20 1.15476E+20 1.15811E+20 1.15596E+20 1.15401E+20 1.15478E+20 1.15615E+20 1.15865E+20 1.15705E+20 1.17515E+20 1.17419E+20 1.17200E+20 1.16986E+20 1.16839E+20 1.16789E+20 1.16799E+20 1.16903E+20 1.16351E+20 1.16212E+20 1.16002E+20 1.16319E+20 1.16015E+20 1.15870E+20 1.15709E+20 1.15624E+20 1.16041E+20 1.15824E+20 1.15500E+20 1.15655E+20 1.15470E+20 1.15519E+20 1.15624E+20 1.15441E+20 1.15463E+20 1.15329E+20 1.15496E+20 1.15275E+20 1.15401E+20 1.15306E+20 1.15533E+20 1.15152E+20 1.15012E+20 1.14879E+20 1.14831E+20 1.14895E+20 1.14839E+20 1.15155E+20 1.14586E+20 1.14859E+20 1.15080E+20 1.14912E+20 1.14759E+20 1.14957E+20 % total
];

