
ZAI = [
666
0
];

NAMES = [
'lost            '
'total           '
];

iLOST    = 1;
iTOT     = 2;

MAT_fuelsalt_VOLUME = [ 1.36700E+07 1.36700E+07 1.36700E+07 1.36700E+07 1.36700E+07 1.36700E+07 1.36700E+07 1.36700E+07 1.36700E+07 1.36700E+07 1.36700E+07 1.36700E+07 1.36700E+07 1.36700E+07 1.36700E+07 1.36700E+07 1.36700E+07 1.36700E+07 1.36700E+07 1.36700E+07 1.36700E+07 1.36700E+07 1.36700E+07 1.36700E+07 1.36700E+07 1.36700E+07 1.36700E+07 1.36700E+07 1.36700E+07 1.36700E+07 1.36700E+07 1.36700E+07 1.36700E+07 1.36700E+07 1.36700E+07 1.36700E+07 1.36700E+07 1.36700E+07 1.36700E+07 1.36700E+07 1.36700E+07 1.36700E+07 1.36700E+07 1.36700E+07 1.36700E+07 1.36700E+07 1.36700E+07 1.36700E+07 1.36700E+07 1.36700E+07 1.36700E+07 1.36700E+07 1.36700E+07 1.36700E+07 1.36700E+07 1.36700E+07 1.36700E+07 1.36700E+07 1.36700E+07 1.36700E+07 1.36700E+07 1.36700E+07 1.36700E+07 1.36700E+07 1.36700E+07 1.36700E+07 1.36700E+07 1.36700E+07 1.36700E+07 1.36700E+07 1.36700E+07 1.36700E+07 ];

MAT_fuelsalt_BURNUP = [ 0.00000E+00 0.00000E+00 0.00000E+00 0.00000E+00 0.00000E+00 0.00000E+00 0.00000E+00 0.00000E+00 0.00000E+00 0.00000E+00 0.00000E+00 0.00000E+00 0.00000E+00 0.00000E+00 0.00000E+00 0.00000E+00 0.00000E+00 0.00000E+00 0.00000E+00 0.00000E+00 0.00000E+00 0.00000E+00 0.00000E+00 0.00000E+00 0.00000E+00 0.00000E+00 0.00000E+00 0.00000E+00 0.00000E+00 0.00000E+00 0.00000E+00 0.00000E+00 0.00000E+00 0.00000E+00 0.00000E+00 0.00000E+00 0.00000E+00 0.00000E+00 0.00000E+00 0.00000E+00 0.00000E+00 0.00000E+00 0.00000E+00 0.00000E+00 0.00000E+00 0.00000E+00 0.00000E+00 0.00000E+00 0.00000E+00 0.00000E+00 0.00000E+00 0.00000E+00 0.00000E+00 0.00000E+00 0.00000E+00 0.00000E+00 0.00000E+00 0.00000E+00 0.00000E+00 0.00000E+00 0.00000E+00 0.00000E+00 0.00000E+00 0.00000E+00 0.00000E+00 0.00000E+00 0.00000E+00 0.00000E+00 0.00000E+00 0.00000E+00 0.00000E+00 0.00000E+00 ];

MAT_fuelsalt_ADENS = [
0.00000E+00 5.17434E-17 1.03183E-16 2.46460E-15 7.38064E-15 1.72408E-14 3.43674E-14 5.13132E-14 6.79974E-14 8.44490E-14 1.00800E-13 1.16971E-13 1.33024E-13 1.48897E-13 1.64623E-13 1.80314E-13 1.95810E-13 2.11245E-13 2.26751E-13 2.42121E-13 2.57118E-13 2.72259E-13 2.87051E-13 3.01977E-13 3.16959E-13 3.31837E-13 3.46590E-13 3.61205E-13 4.23137E-13 4.84617E-13 5.45860E-13 6.06261E-13 6.66036E-13 7.25621E-13 7.84272E-13 8.43291E-13 9.01014E-13 9.59281E-13 1.01695E-12 1.07505E-12 1.13200E-12 1.18925E-12 1.24606E-12 1.30278E-12 1.36011E-12 1.41683E-12 1.47406E-12 1.53071E-12 1.58726E-12 1.64382E-12 1.70031E-12 1.75717E-12 1.81377E-12 1.87016E-12 1.92635E-12 1.98303E-12 2.03952E-12 2.09548E-12 2.15175E-12 2.20787E-12 2.26459E-12 2.32091E-12 2.37748E-12 2.43359E-12 2.49031E-12 2.54653E-12 2.60303E-12 2.65984E-12 2.71653E-12 2.77352E-12 2.83025E-12 2.88688E-12 % lost data
6.51224E-02 6.51224E-02 6.51224E-02 6.51224E-02 6.51225E-02 6.51227E-02 6.51230E-02 6.51233E-02 6.51235E-02 6.51238E-02 6.51241E-02 6.51244E-02 6.51246E-02 6.51249E-02 6.51252E-02 6.51255E-02 6.51257E-02 6.51260E-02 6.51263E-02 6.51266E-02 6.51268E-02 6.51271E-02 6.51274E-02 6.51277E-02 6.51279E-02 6.51282E-02 6.51285E-02 6.51288E-02 6.51300E-02 6.51312E-02 6.51324E-02 6.51335E-02 6.51347E-02 6.51359E-02 6.51371E-02 6.51383E-02 6.51394E-02 6.51406E-02 6.51417E-02 6.51429E-02 6.51440E-02 6.51452E-02 6.51463E-02 6.51474E-02 6.51486E-02 6.51497E-02 6.51508E-02 6.51519E-02 6.51530E-02 6.51541E-02 6.51552E-02 6.51563E-02 6.51574E-02 6.51584E-02 6.51595E-02 6.51606E-02 6.51616E-02 6.51627E-02 6.51637E-02 6.51648E-02 6.51658E-02 6.51668E-02 6.51679E-02 6.51689E-02 6.51699E-02 6.51709E-02 6.51719E-02 6.51729E-02 6.51739E-02 6.51749E-02 6.51759E-02 6.51769E-02 % total
];

MAT_fuelsalt_MDENS = [
0.00000E+00 0.00000E+00 0.00000E+00 0.00000E+00 0.00000E+00 0.00000E+00 0.00000E+00 0.00000E+00 0.00000E+00 0.00000E+00 0.00000E+00 0.00000E+00 0.00000E+00 0.00000E+00 0.00000E+00 0.00000E+00 0.00000E+00 0.00000E+00 0.00000E+00 0.00000E+00 0.00000E+00 0.00000E+00 0.00000E+00 0.00000E+00 0.00000E+00 0.00000E+00 0.00000E+00 0.00000E+00 0.00000E+00 0.00000E+00 0.00000E+00 0.00000E+00 0.00000E+00 0.00000E+00 0.00000E+00 0.00000E+00 0.00000E+00 0.00000E+00 0.00000E+00 0.00000E+00 0.00000E+00 0.00000E+00 0.00000E+00 0.00000E+00 0.00000E+00 0.00000E+00 0.00000E+00 0.00000E+00 0.00000E+00 0.00000E+00 0.00000E+00 0.00000E+00 0.00000E+00 0.00000E+00 0.00000E+00 0.00000E+00 0.00000E+00 0.00000E+00 0.00000E+00 0.00000E+00 0.00000E+00 0.00000E+00 0.00000E+00 0.00000E+00 0.00000E+00 0.00000E+00 0.00000E+00 0.00000E+00 0.00000E+00 0.00000E+00 0.00000E+00 0.00000E+00 % lost data
3.28019E+00 3.28019E+00 3.28019E+00 3.28018E+00 3.28015E+00 3.28009E+00 3.27999E+00 3.27989E+00 3.27979E+00 3.27969E+00 3.27958E+00 3.27948E+00 3.27938E+00 3.27928E+00 3.27918E+00 3.27908E+00 3.27898E+00 3.27888E+00 3.27878E+00 3.27868E+00 3.27858E+00 3.27848E+00 3.27838E+00 3.27828E+00 3.27818E+00 3.27808E+00 3.27799E+00 3.27789E+00 3.27746E+00 3.27705E+00 3.27663E+00 3.27622E+00 3.27581E+00 3.27540E+00 3.27500E+00 3.27460E+00 3.27421E+00 3.27381E+00 3.27342E+00 3.27303E+00 3.27265E+00 3.27226E+00 3.27188E+00 3.27150E+00 3.27113E+00 3.27076E+00 3.27038E+00 3.27002E+00 3.26965E+00 3.26929E+00 3.26892E+00 3.26856E+00 3.26821E+00 3.26785E+00 3.26750E+00 3.26715E+00 3.26680E+00 3.26645E+00 3.26611E+00 3.26576E+00 3.26542E+00 3.26508E+00 3.26475E+00 3.26441E+00 3.26408E+00 3.26375E+00 3.26342E+00 3.26309E+00 3.26277E+00 3.26244E+00 3.26212E+00 3.26180E+00 % total
];

MAT_fuelsalt_A = [
0.00000E+00 0.00000E+00 0.00000E+00 0.00000E+00 0.00000E+00 0.00000E+00 0.00000E+00 0.00000E+00 0.00000E+00 0.00000E+00 0.00000E+00 0.00000E+00 0.00000E+00 0.00000E+00 0.00000E+00 0.00000E+00 0.00000E+00 0.00000E+00 0.00000E+00 0.00000E+00 0.00000E+00 0.00000E+00 0.00000E+00 0.00000E+00 0.00000E+00 0.00000E+00 0.00000E+00 0.00000E+00 0.00000E+00 0.00000E+00 0.00000E+00 0.00000E+00 0.00000E+00 0.00000E+00 0.00000E+00 0.00000E+00 0.00000E+00 0.00000E+00 0.00000E+00 0.00000E+00 0.00000E+00 0.00000E+00 0.00000E+00 0.00000E+00 0.00000E+00 0.00000E+00 0.00000E+00 0.00000E+00 0.00000E+00 0.00000E+00 0.00000E+00 0.00000E+00 0.00000E+00 0.00000E+00 0.00000E+00 0.00000E+00 0.00000E+00 0.00000E+00 0.00000E+00 0.00000E+00 0.00000E+00 0.00000E+00 0.00000E+00 0.00000E+00 0.00000E+00 0.00000E+00 0.00000E+00 0.00000E+00 0.00000E+00 0.00000E+00 0.00000E+00 0.00000E+00 % lost data
1.31843E+12 6.34651E+19 7.09150E+19 9.29472E+19 1.02336E+20 1.09359E+20 1.13437E+20 1.14294E+20 1.14587E+20 1.15053E+20 1.15085E+20 1.15104E+20 1.15482E+20 1.15480E+20 1.15555E+20 1.15266E+20 1.15768E+20 1.15527E+20 1.15619E+20 1.15876E+20 1.15238E+20 1.15704E+20 1.15522E+20 1.15743E+20 1.15716E+20 1.15762E+20 1.15828E+20 1.15694E+20 1.17684E+20 1.17796E+20 1.16945E+20 1.16840E+20 1.16967E+20 1.17088E+20 1.16936E+20 1.16521E+20 1.16211E+20 1.16354E+20 1.16227E+20 1.16289E+20 1.16101E+20 1.16398E+20 1.16069E+20 1.15640E+20 1.15445E+20 1.15576E+20 1.15781E+20 1.15917E+20 1.15996E+20 1.15601E+20 1.15624E+20 1.15658E+20 1.15390E+20 1.15179E+20 1.15233E+20 1.15219E+20 1.15406E+20 1.15411E+20 1.15697E+20 1.15520E+20 1.14970E+20 1.15510E+20 1.15215E+20 1.15437E+20 1.14869E+20 1.15293E+20 1.15045E+20 1.14847E+20 1.14588E+20 1.15042E+20 1.15358E+20 1.14794E+20 % total
];

