
ZAI = [
666
0
];

NAMES = [
'lost            '
'total           '
];

iLOST    = 1;
iTOT     = 2;

MAT_fuelsalt_VOLUME = [ 1.36700E+07 1.36700E+07 1.36700E+07 1.36700E+07 1.36700E+07 1.36700E+07 1.36700E+07 1.36700E+07 1.36700E+07 1.36700E+07 1.36700E+07 1.36700E+07 1.36700E+07 1.36700E+07 1.36700E+07 1.36700E+07 1.36700E+07 1.36700E+07 1.36700E+07 1.36700E+07 1.36700E+07 1.36700E+07 1.36700E+07 1.36700E+07 1.36700E+07 1.36700E+07 1.36700E+07 1.36700E+07 1.36700E+07 1.36700E+07 1.36700E+07 1.36700E+07 1.36700E+07 1.36700E+07 1.36700E+07 1.36700E+07 1.36700E+07 1.36700E+07 1.36700E+07 1.36700E+07 1.36700E+07 1.36700E+07 1.36700E+07 1.36700E+07 1.36700E+07 1.36700E+07 1.36700E+07 1.36700E+07 1.36700E+07 1.36700E+07 1.36700E+07 1.36700E+07 1.36700E+07 1.36700E+07 1.36700E+07 1.36700E+07 1.36700E+07 1.36700E+07 1.36700E+07 1.36700E+07 1.36700E+07 1.36700E+07 1.36700E+07 1.36700E+07 1.36700E+07 1.36700E+07 1.36700E+07 1.36700E+07 1.36700E+07 1.36700E+07 1.36700E+07 1.36700E+07 ];

MAT_fuelsalt_BURNUP = [ 0.00000E+00 0.00000E+00 0.00000E+00 0.00000E+00 0.00000E+00 0.00000E+00 0.00000E+00 0.00000E+00 0.00000E+00 0.00000E+00 0.00000E+00 0.00000E+00 0.00000E+00 0.00000E+00 0.00000E+00 0.00000E+00 0.00000E+00 0.00000E+00 0.00000E+00 0.00000E+00 0.00000E+00 0.00000E+00 0.00000E+00 0.00000E+00 0.00000E+00 0.00000E+00 0.00000E+00 0.00000E+00 0.00000E+00 0.00000E+00 0.00000E+00 0.00000E+00 0.00000E+00 0.00000E+00 0.00000E+00 0.00000E+00 0.00000E+00 0.00000E+00 0.00000E+00 0.00000E+00 0.00000E+00 0.00000E+00 0.00000E+00 0.00000E+00 0.00000E+00 0.00000E+00 0.00000E+00 0.00000E+00 0.00000E+00 0.00000E+00 0.00000E+00 0.00000E+00 0.00000E+00 0.00000E+00 0.00000E+00 0.00000E+00 0.00000E+00 0.00000E+00 0.00000E+00 0.00000E+00 0.00000E+00 0.00000E+00 0.00000E+00 0.00000E+00 0.00000E+00 0.00000E+00 0.00000E+00 0.00000E+00 0.00000E+00 0.00000E+00 0.00000E+00 0.00000E+00 ];

MAT_fuelsalt_ADENS = [
0.00000E+00 5.13161E-17 1.02735E-16 2.47102E-15 7.27965E-15 1.65275E-14 3.15670E-14 4.56607E-14 5.90126E-14 7.21809E-14 8.53094E-14 9.83304E-14 1.11382E-13 1.24632E-13 1.37978E-13 1.51947E-13 1.65817E-13 1.79287E-13 1.93230E-13 2.07532E-13 2.21841E-13 2.36728E-13 2.51338E-13 2.66358E-13 2.81424E-13 2.96850E-13 3.11883E-13 3.27449E-13 3.95600E-13 4.65968E-13 5.38248E-13 6.11844E-13 6.86120E-13 7.63206E-13 8.40635E-13 9.19444E-13 9.97885E-13 1.07792E-12 1.15863E-12 1.23976E-12 1.32105E-12 1.40365E-12 1.48753E-12 1.56958E-12 1.65304E-12 1.73685E-12 1.82059E-12 1.90502E-12 1.99022E-12 2.07464E-12 2.15919E-12 2.24399E-12 2.32929E-12 2.41478E-12 2.50076E-12 2.58603E-12 2.67197E-12 2.75981E-12 2.84654E-12 2.93347E-12 3.02024E-12 3.10698E-12 3.19337E-12 3.28132E-12 3.36800E-12 3.45572E-12 3.54303E-12 3.63015E-12 3.71862E-12 3.80598E-12 3.89425E-12 3.98140E-12 % lost data
6.51224E-02 6.51224E-02 6.51224E-02 6.51240E-02 6.51271E-02 6.51334E-02 6.51442E-02 6.51549E-02 6.51654E-02 6.51758E-02 6.51860E-02 6.51960E-02 6.52060E-02 6.52157E-02 6.52254E-02 6.52349E-02 6.52442E-02 6.52535E-02 6.52626E-02 6.52715E-02 6.52804E-02 6.52891E-02 6.52977E-02 6.53061E-02 6.53145E-02 6.53227E-02 6.53308E-02 6.53388E-02 6.53719E-02 6.54029E-02 6.54321E-02 6.54595E-02 6.54853E-02 6.55096E-02 6.55324E-02 6.55538E-02 6.55739E-02 6.55929E-02 6.56106E-02 6.56274E-02 6.56431E-02 6.56579E-02 6.56718E-02 6.56849E-02 6.56972E-02 6.57087E-02 6.57196E-02 6.57298E-02 6.57394E-02 6.57484E-02 6.57569E-02 6.57649E-02 6.57724E-02 6.57794E-02 6.57860E-02 6.57923E-02 6.57981E-02 6.58036E-02 6.58088E-02 6.58137E-02 6.58182E-02 6.58225E-02 6.58266E-02 6.58304E-02 6.58340E-02 6.58373E-02 6.58405E-02 6.58435E-02 6.58463E-02 6.58489E-02 6.58513E-02 6.58537E-02 % total
];

MAT_fuelsalt_MDENS = [
0.00000E+00 0.00000E+00 0.00000E+00 0.00000E+00 0.00000E+00 0.00000E+00 0.00000E+00 0.00000E+00 0.00000E+00 0.00000E+00 0.00000E+00 0.00000E+00 0.00000E+00 0.00000E+00 0.00000E+00 0.00000E+00 0.00000E+00 0.00000E+00 0.00000E+00 0.00000E+00 0.00000E+00 0.00000E+00 0.00000E+00 0.00000E+00 0.00000E+00 0.00000E+00 0.00000E+00 0.00000E+00 0.00000E+00 0.00000E+00 0.00000E+00 0.00000E+00 0.00000E+00 0.00000E+00 0.00000E+00 0.00000E+00 0.00000E+00 0.00000E+00 0.00000E+00 0.00000E+00 0.00000E+00 0.00000E+00 0.00000E+00 0.00000E+00 0.00000E+00 0.00000E+00 0.00000E+00 0.00000E+00 0.00000E+00 0.00000E+00 0.00000E+00 0.00000E+00 0.00000E+00 0.00000E+00 0.00000E+00 0.00000E+00 0.00000E+00 0.00000E+00 0.00000E+00 0.00000E+00 0.00000E+00 0.00000E+00 0.00000E+00 0.00000E+00 0.00000E+00 0.00000E+00 0.00000E+00 0.00000E+00 0.00000E+00 0.00000E+00 0.00000E+00 0.00000E+00 % lost data
3.28019E+00 3.28019E+00 3.28019E+00 3.28031E+00 3.28055E+00 3.28102E+00 3.28184E+00 3.28265E+00 3.28344E+00 3.28423E+00 3.28501E+00 3.28577E+00 3.28653E+00 3.28727E+00 3.28801E+00 3.28874E+00 3.28945E+00 3.29016E+00 3.29086E+00 3.29154E+00 3.29222E+00 3.29289E+00 3.29355E+00 3.29419E+00 3.29483E+00 3.29546E+00 3.29609E+00 3.29670E+00 3.29921E+00 3.30158E+00 3.30381E+00 3.30590E+00 3.30788E+00 3.30974E+00 3.31148E+00 3.31313E+00 3.31467E+00 3.31613E+00 3.31750E+00 3.31879E+00 3.32000E+00 3.32114E+00 3.32221E+00 3.32321E+00 3.32416E+00 3.32505E+00 3.32589E+00 3.32668E+00 3.32742E+00 3.32812E+00 3.32877E+00 3.32939E+00 3.32997E+00 3.33051E+00 3.33103E+00 3.33151E+00 3.33196E+00 3.33239E+00 3.33279E+00 3.33317E+00 3.33352E+00 3.33385E+00 3.33417E+00 3.33446E+00 3.33474E+00 3.33500E+00 3.33525E+00 3.33548E+00 3.33569E+00 3.33590E+00 3.33609E+00 3.33627E+00 % total
];

MAT_fuelsalt_A = [
0.00000E+00 0.00000E+00 0.00000E+00 0.00000E+00 0.00000E+00 0.00000E+00 0.00000E+00 0.00000E+00 0.00000E+00 0.00000E+00 0.00000E+00 0.00000E+00 0.00000E+00 0.00000E+00 0.00000E+00 0.00000E+00 0.00000E+00 0.00000E+00 0.00000E+00 0.00000E+00 0.00000E+00 0.00000E+00 0.00000E+00 0.00000E+00 0.00000E+00 0.00000E+00 0.00000E+00 0.00000E+00 0.00000E+00 0.00000E+00 0.00000E+00 0.00000E+00 0.00000E+00 0.00000E+00 0.00000E+00 0.00000E+00 0.00000E+00 0.00000E+00 0.00000E+00 0.00000E+00 0.00000E+00 0.00000E+00 0.00000E+00 0.00000E+00 0.00000E+00 0.00000E+00 0.00000E+00 0.00000E+00 0.00000E+00 0.00000E+00 0.00000E+00 0.00000E+00 0.00000E+00 0.00000E+00 0.00000E+00 0.00000E+00 0.00000E+00 0.00000E+00 0.00000E+00 0.00000E+00 0.00000E+00 0.00000E+00 0.00000E+00 0.00000E+00 0.00000E+00 0.00000E+00 0.00000E+00 0.00000E+00 0.00000E+00 0.00000E+00 0.00000E+00 0.00000E+00 % lost data
1.31843E+12 6.33885E+19 7.10136E+19 9.63894E+19 1.08800E+20 1.20525E+20 1.29098E+20 1.24594E+20 1.21487E+20 1.19309E+20 1.18430E+20 1.16721E+20 1.15942E+20 1.15556E+20 1.14749E+20 1.13922E+20 1.13302E+20 1.13259E+20 1.13006E+20 1.12204E+20 1.12630E+20 1.11929E+20 1.11712E+20 1.11164E+20 1.10950E+20 1.11163E+20 1.10571E+20 1.10437E+20 1.17997E+20 1.15539E+20 1.14472E+20 1.12941E+20 1.12391E+20 1.11126E+20 1.10870E+20 1.09896E+20 1.09009E+20 1.08452E+20 1.08320E+20 1.08083E+20 1.08122E+20 1.07302E+20 1.06370E+20 1.06844E+20 1.06593E+20 1.06209E+20 1.06019E+20 1.05821E+20 1.05293E+20 1.06095E+20 1.05260E+20 1.05471E+20 1.05267E+20 1.05145E+20 1.04921E+20 1.05330E+20 1.04851E+20 1.04511E+20 1.04958E+20 1.04944E+20 1.05026E+20 1.04637E+20 1.04816E+20 1.04201E+20 1.04730E+20 1.04190E+20 1.04199E+20 1.04373E+20 1.04004E+20 1.04263E+20 1.04155E+20 1.04463E+20 % total
];

