
ZAI = [
666
0
];

NAMES = [
'lost            '
'total           '
];

iLOST    = 1;
iTOT     = 2;

MAT_fuelsalt_VOLUME = [ 1.36700E+07 1.36700E+07 1.36700E+07 1.36700E+07 1.36700E+07 1.36700E+07 1.36700E+07 1.36700E+07 1.36700E+07 1.36700E+07 1.36700E+07 1.36700E+07 1.36700E+07 1.36700E+07 1.36700E+07 1.36700E+07 1.36700E+07 1.36700E+07 1.36700E+07 1.36700E+07 1.36700E+07 1.36700E+07 1.36700E+07 1.36700E+07 1.36700E+07 1.36700E+07 1.36700E+07 1.36700E+07 1.36700E+07 1.36700E+07 1.36700E+07 1.36700E+07 1.36700E+07 1.36700E+07 1.36700E+07 1.36700E+07 1.36700E+07 1.36700E+07 1.36700E+07 1.36700E+07 1.36700E+07 1.36700E+07 1.36700E+07 1.36700E+07 1.36700E+07 1.36700E+07 1.36700E+07 1.36700E+07 1.36700E+07 1.36700E+07 1.36700E+07 1.36700E+07 1.36700E+07 1.36700E+07 1.36700E+07 1.36700E+07 1.36700E+07 1.36700E+07 1.36700E+07 1.36700E+07 1.36700E+07 1.36700E+07 1.36700E+07 1.36700E+07 1.36700E+07 1.36700E+07 1.36700E+07 1.36700E+07 1.36700E+07 1.36700E+07 1.36700E+07 1.36700E+07 ];

MAT_fuelsalt_BURNUP = [ 0.00000E+00 0.00000E+00 0.00000E+00 0.00000E+00 0.00000E+00 0.00000E+00 0.00000E+00 0.00000E+00 0.00000E+00 0.00000E+00 0.00000E+00 0.00000E+00 0.00000E+00 0.00000E+00 0.00000E+00 0.00000E+00 0.00000E+00 0.00000E+00 0.00000E+00 0.00000E+00 0.00000E+00 0.00000E+00 0.00000E+00 0.00000E+00 0.00000E+00 0.00000E+00 0.00000E+00 0.00000E+00 0.00000E+00 0.00000E+00 0.00000E+00 0.00000E+00 0.00000E+00 0.00000E+00 0.00000E+00 0.00000E+00 0.00000E+00 0.00000E+00 0.00000E+00 0.00000E+00 0.00000E+00 0.00000E+00 0.00000E+00 0.00000E+00 0.00000E+00 0.00000E+00 0.00000E+00 0.00000E+00 0.00000E+00 0.00000E+00 0.00000E+00 0.00000E+00 0.00000E+00 0.00000E+00 0.00000E+00 0.00000E+00 0.00000E+00 0.00000E+00 0.00000E+00 0.00000E+00 0.00000E+00 0.00000E+00 0.00000E+00 0.00000E+00 0.00000E+00 0.00000E+00 0.00000E+00 0.00000E+00 0.00000E+00 0.00000E+00 0.00000E+00 0.00000E+00 ];

MAT_fuelsalt_ADENS = [
0.00000E+00 5.12549E-17 1.02702E-16 2.47842E-15 7.29568E-15 1.64397E-14 3.13622E-14 4.52677E-14 5.85377E-14 7.16515E-14 8.45660E-14 9.76258E-14 1.10856E-13 1.24193E-13 1.37406E-13 1.51024E-13 1.64834E-13 1.78815E-13 1.92703E-13 2.06755E-13 2.20792E-13 2.34685E-13 2.49213E-13 2.63746E-13 2.78217E-13 2.92780E-13 3.07008E-13 3.21756E-13 3.85496E-13 4.51829E-13 5.19528E-13 5.87953E-13 6.56196E-13 7.26230E-13 7.96645E-13 8.67223E-13 9.37656E-13 1.00685E-12 1.07626E-12 1.14795E-12 1.21913E-12 1.29051E-12 1.36125E-12 1.43200E-12 1.50266E-12 1.57471E-12 1.64792E-12 1.71897E-12 1.79076E-12 1.86161E-12 1.93344E-12 2.00506E-12 2.07623E-12 2.14764E-12 2.21963E-12 2.29120E-12 2.36175E-12 2.43410E-12 2.50677E-12 2.57873E-12 2.65104E-12 2.72228E-12 2.79439E-12 2.86598E-12 2.93739E-12 3.00913E-12 3.08141E-12 3.15281E-12 3.22505E-12 3.29765E-12 3.36954E-12 3.44115E-12 % lost data
6.51224E-02 6.51224E-02 6.51224E-02 6.51242E-02 6.51278E-02 6.51349E-02 6.51470E-02 6.51585E-02 6.51696E-02 6.51801E-02 6.51903E-02 6.52000E-02 6.52093E-02 6.52182E-02 6.52268E-02 6.52350E-02 6.52428E-02 6.52503E-02 6.52576E-02 6.52645E-02 6.52711E-02 6.52774E-02 6.52835E-02 6.52893E-02 6.52949E-02 6.53003E-02 6.53054E-02 6.53103E-02 6.53292E-02 6.53449E-02 6.53581E-02 6.53690E-02 6.53781E-02 6.53856E-02 6.53919E-02 6.53972E-02 6.54016E-02 6.54052E-02 6.54083E-02 6.54108E-02 6.54129E-02 6.54146E-02 6.54161E-02 6.54173E-02 6.54183E-02 6.54192E-02 6.54199E-02 6.54205E-02 6.54210E-02 6.54214E-02 6.54217E-02 6.54220E-02 6.54222E-02 6.54224E-02 6.54226E-02 6.54227E-02 6.54228E-02 6.54229E-02 6.54230E-02 6.54231E-02 6.54231E-02 6.54232E-02 6.54232E-02 6.54233E-02 6.54233E-02 6.54233E-02 6.54233E-02 6.54233E-02 6.54233E-02 6.54234E-02 6.54234E-02 6.54234E-02 % total
];

MAT_fuelsalt_MDENS = [
0.00000E+00 0.00000E+00 0.00000E+00 0.00000E+00 0.00000E+00 0.00000E+00 0.00000E+00 0.00000E+00 0.00000E+00 0.00000E+00 0.00000E+00 0.00000E+00 0.00000E+00 0.00000E+00 0.00000E+00 0.00000E+00 0.00000E+00 0.00000E+00 0.00000E+00 0.00000E+00 0.00000E+00 0.00000E+00 0.00000E+00 0.00000E+00 0.00000E+00 0.00000E+00 0.00000E+00 0.00000E+00 0.00000E+00 0.00000E+00 0.00000E+00 0.00000E+00 0.00000E+00 0.00000E+00 0.00000E+00 0.00000E+00 0.00000E+00 0.00000E+00 0.00000E+00 0.00000E+00 0.00000E+00 0.00000E+00 0.00000E+00 0.00000E+00 0.00000E+00 0.00000E+00 0.00000E+00 0.00000E+00 0.00000E+00 0.00000E+00 0.00000E+00 0.00000E+00 0.00000E+00 0.00000E+00 0.00000E+00 0.00000E+00 0.00000E+00 0.00000E+00 0.00000E+00 0.00000E+00 0.00000E+00 0.00000E+00 0.00000E+00 0.00000E+00 0.00000E+00 0.00000E+00 0.00000E+00 0.00000E+00 0.00000E+00 0.00000E+00 0.00000E+00 0.00000E+00 % lost data
3.28019E+00 3.28019E+00 3.28019E+00 3.28033E+00 3.28061E+00 3.28116E+00 3.28209E+00 3.28297E+00 3.28383E+00 3.28465E+00 3.28544E+00 3.28619E+00 3.28692E+00 3.28761E+00 3.28828E+00 3.28892E+00 3.28953E+00 3.29012E+00 3.29068E+00 3.29122E+00 3.29174E+00 3.29224E+00 3.29271E+00 3.29317E+00 3.29361E+00 3.29403E+00 3.29443E+00 3.29482E+00 3.29628E+00 3.29751E+00 3.29854E+00 3.29939E+00 3.30011E+00 3.30070E+00 3.30120E+00 3.30162E+00 3.30197E+00 3.30226E+00 3.30250E+00 3.30270E+00 3.30287E+00 3.30301E+00 3.30313E+00 3.30323E+00 3.30331E+00 3.30337E+00 3.30343E+00 3.30348E+00 3.30352E+00 3.30355E+00 3.30358E+00 3.30360E+00 3.30362E+00 3.30364E+00 3.30365E+00 3.30366E+00 3.30367E+00 3.30368E+00 3.30368E+00 3.30369E+00 3.30369E+00 3.30370E+00 3.30370E+00 3.30370E+00 3.30371E+00 3.30371E+00 3.30371E+00 3.30371E+00 3.30371E+00 3.30371E+00 3.30371E+00 3.30371E+00 % total
];

MAT_fuelsalt_A = [
0.00000E+00 0.00000E+00 0.00000E+00 0.00000E+00 0.00000E+00 0.00000E+00 0.00000E+00 0.00000E+00 0.00000E+00 0.00000E+00 0.00000E+00 0.00000E+00 0.00000E+00 0.00000E+00 0.00000E+00 0.00000E+00 0.00000E+00 0.00000E+00 0.00000E+00 0.00000E+00 0.00000E+00 0.00000E+00 0.00000E+00 0.00000E+00 0.00000E+00 0.00000E+00 0.00000E+00 0.00000E+00 0.00000E+00 0.00000E+00 0.00000E+00 0.00000E+00 0.00000E+00 0.00000E+00 0.00000E+00 0.00000E+00 0.00000E+00 0.00000E+00 0.00000E+00 0.00000E+00 0.00000E+00 0.00000E+00 0.00000E+00 0.00000E+00 0.00000E+00 0.00000E+00 0.00000E+00 0.00000E+00 0.00000E+00 0.00000E+00 0.00000E+00 0.00000E+00 0.00000E+00 0.00000E+00 0.00000E+00 0.00000E+00 0.00000E+00 0.00000E+00 0.00000E+00 0.00000E+00 0.00000E+00 0.00000E+00 0.00000E+00 0.00000E+00 0.00000E+00 0.00000E+00 0.00000E+00 0.00000E+00 0.00000E+00 0.00000E+00 0.00000E+00 0.00000E+00 % lost data
1.31843E+12 6.33872E+19 7.09884E+19 9.67660E+19 1.09502E+20 1.21783E+20 1.29824E+20 1.23736E+20 1.20496E+20 1.18281E+20 1.16742E+20 1.15487E+20 1.14182E+20 1.13613E+20 1.12864E+20 1.12483E+20 1.11736E+20 1.11524E+20 1.11264E+20 1.10333E+20 1.10232E+20 1.10478E+20 1.09864E+20 1.09290E+20 1.09543E+20 1.09440E+20 1.09426E+20 1.09274E+20 1.13331E+20 1.11640E+20 1.10318E+20 1.09259E+20 1.08973E+20 1.07664E+20 1.07525E+20 1.07134E+20 1.07071E+20 1.07206E+20 1.06770E+20 1.06348E+20 1.06124E+20 1.06353E+20 1.06350E+20 1.05798E+20 1.05846E+20 1.06201E+20 1.05474E+20 1.05689E+20 1.05649E+20 1.06210E+20 1.05490E+20 1.05252E+20 1.05440E+20 1.05378E+20 1.05727E+20 1.05434E+20 1.06357E+20 1.05893E+20 1.05573E+20 1.05573E+20 1.05953E+20 1.06216E+20 1.05976E+20 1.05778E+20 1.06575E+20 1.05633E+20 1.05914E+20 1.06002E+20 1.06169E+20 1.05490E+20 1.06212E+20 1.05960E+20 % total
];

