
ZAI = [
666
0
];

NAMES = [
'lost            '
'total           '
];

iLOST    = 1;
iTOT     = 2;

MAT_fuelsalt_VOLUME = [ 1.36700E+07 1.36700E+07 1.36700E+07 1.36700E+07 1.36700E+07 1.36700E+07 1.36700E+07 1.36700E+07 1.36700E+07 1.36700E+07 1.36700E+07 1.36700E+07 1.36700E+07 1.36700E+07 1.36700E+07 1.36700E+07 1.36700E+07 1.36700E+07 1.36700E+07 1.36700E+07 1.36700E+07 1.36700E+07 1.36700E+07 1.36700E+07 1.36700E+07 1.36700E+07 1.36700E+07 1.36700E+07 1.36700E+07 1.36700E+07 1.36700E+07 1.36700E+07 1.36700E+07 1.36700E+07 1.36700E+07 1.36700E+07 1.36700E+07 1.36700E+07 1.36700E+07 1.36700E+07 1.36700E+07 1.36700E+07 1.36700E+07 1.36700E+07 1.36700E+07 1.36700E+07 1.36700E+07 1.36700E+07 1.36700E+07 1.36700E+07 1.36700E+07 1.36700E+07 1.36700E+07 1.36700E+07 1.36700E+07 1.36700E+07 1.36700E+07 1.36700E+07 1.36700E+07 1.36700E+07 1.36700E+07 1.36700E+07 1.36700E+07 1.36700E+07 1.36700E+07 1.36700E+07 1.36700E+07 1.36700E+07 1.36700E+07 1.36700E+07 1.36700E+07 1.36700E+07 ];

MAT_fuelsalt_BURNUP = [ 0.00000E+00 0.00000E+00 0.00000E+00 0.00000E+00 0.00000E+00 0.00000E+00 0.00000E+00 0.00000E+00 0.00000E+00 0.00000E+00 0.00000E+00 0.00000E+00 0.00000E+00 0.00000E+00 0.00000E+00 0.00000E+00 0.00000E+00 0.00000E+00 0.00000E+00 0.00000E+00 0.00000E+00 0.00000E+00 0.00000E+00 0.00000E+00 0.00000E+00 0.00000E+00 0.00000E+00 0.00000E+00 0.00000E+00 0.00000E+00 0.00000E+00 0.00000E+00 0.00000E+00 0.00000E+00 0.00000E+00 0.00000E+00 0.00000E+00 0.00000E+00 0.00000E+00 0.00000E+00 0.00000E+00 0.00000E+00 0.00000E+00 0.00000E+00 0.00000E+00 0.00000E+00 0.00000E+00 0.00000E+00 0.00000E+00 0.00000E+00 0.00000E+00 0.00000E+00 0.00000E+00 0.00000E+00 0.00000E+00 0.00000E+00 0.00000E+00 0.00000E+00 0.00000E+00 0.00000E+00 0.00000E+00 0.00000E+00 0.00000E+00 0.00000E+00 0.00000E+00 0.00000E+00 0.00000E+00 0.00000E+00 0.00000E+00 0.00000E+00 0.00000E+00 0.00000E+00 ];

MAT_fuelsalt_ADENS = [
0.00000E+00 5.11796E-17 1.02555E-16 2.46830E-15 7.40990E-15 1.72356E-14 3.43322E-14 5.13140E-14 6.79942E-14 8.45254E-14 1.00878E-13 1.17093E-13 1.33205E-13 1.49069E-13 1.64915E-13 1.80626E-13 1.96278E-13 2.11773E-13 2.27189E-13 2.42485E-13 2.57915E-13 2.73137E-13 2.88164E-13 3.03280E-13 3.18247E-13 3.33262E-13 3.48196E-13 3.63152E-13 4.26566E-13 4.89552E-13 5.52124E-13 6.13820E-13 6.75666E-13 7.36847E-13 7.97550E-13 8.58137E-13 9.19079E-13 9.78924E-13 1.03950E-12 1.09975E-12 1.15957E-12 1.21978E-12 1.28020E-12 1.33977E-12 1.39980E-12 1.45971E-12 1.51934E-12 1.57913E-12 1.63869E-12 1.69865E-12 1.75792E-12 1.81748E-12 1.87692E-12 1.93648E-12 1.99645E-12 2.05601E-12 2.11563E-12 2.17516E-12 2.23559E-12 2.29520E-12 2.35514E-12 2.41478E-12 2.47468E-12 2.53416E-12 2.59405E-12 2.65394E-12 2.71411E-12 2.77401E-12 2.83350E-12 2.89349E-12 2.95345E-12 3.01375E-12 % lost data
6.51224E-02 6.51224E-02 6.51224E-02 6.51224E-02 6.51225E-02 6.51227E-02 6.51230E-02 6.51232E-02 6.51235E-02 6.51238E-02 6.51240E-02 6.51243E-02 6.51245E-02 6.51248E-02 6.51250E-02 6.51253E-02 6.51255E-02 6.51257E-02 6.51260E-02 6.51262E-02 6.51264E-02 6.51266E-02 6.51269E-02 6.51271E-02 6.51273E-02 6.51275E-02 6.51277E-02 6.51279E-02 6.51288E-02 6.51296E-02 6.51304E-02 6.51312E-02 6.51319E-02 6.51325E-02 6.51332E-02 6.51337E-02 6.51343E-02 6.51348E-02 6.51353E-02 6.51358E-02 6.51362E-02 6.51366E-02 6.51370E-02 6.51374E-02 6.51377E-02 6.51381E-02 6.51384E-02 6.51387E-02 6.51390E-02 6.51392E-02 6.51395E-02 6.51397E-02 6.51399E-02 6.51401E-02 6.51403E-02 6.51405E-02 6.51407E-02 6.51408E-02 6.51410E-02 6.51411E-02 6.51413E-02 6.51414E-02 6.51415E-02 6.51416E-02 6.51417E-02 6.51418E-02 6.51419E-02 6.51420E-02 6.51421E-02 6.51422E-02 6.51423E-02 6.51423E-02 % total
];

MAT_fuelsalt_MDENS = [
0.00000E+00 0.00000E+00 0.00000E+00 0.00000E+00 0.00000E+00 0.00000E+00 0.00000E+00 0.00000E+00 0.00000E+00 0.00000E+00 0.00000E+00 0.00000E+00 0.00000E+00 0.00000E+00 0.00000E+00 0.00000E+00 0.00000E+00 0.00000E+00 0.00000E+00 0.00000E+00 0.00000E+00 0.00000E+00 0.00000E+00 0.00000E+00 0.00000E+00 0.00000E+00 0.00000E+00 0.00000E+00 0.00000E+00 0.00000E+00 0.00000E+00 0.00000E+00 0.00000E+00 0.00000E+00 0.00000E+00 0.00000E+00 0.00000E+00 0.00000E+00 0.00000E+00 0.00000E+00 0.00000E+00 0.00000E+00 0.00000E+00 0.00000E+00 0.00000E+00 0.00000E+00 0.00000E+00 0.00000E+00 0.00000E+00 0.00000E+00 0.00000E+00 0.00000E+00 0.00000E+00 0.00000E+00 0.00000E+00 0.00000E+00 0.00000E+00 0.00000E+00 0.00000E+00 0.00000E+00 0.00000E+00 0.00000E+00 0.00000E+00 0.00000E+00 0.00000E+00 0.00000E+00 0.00000E+00 0.00000E+00 0.00000E+00 0.00000E+00 0.00000E+00 0.00000E+00 % lost data
3.28019E+00 3.28019E+00 3.28019E+00 3.28018E+00 3.28015E+00 3.28009E+00 3.27999E+00 3.27989E+00 3.27980E+00 3.27970E+00 3.27960E+00 3.27951E+00 3.27941E+00 3.27932E+00 3.27923E+00 3.27914E+00 3.27906E+00 3.27897E+00 3.27888E+00 3.27880E+00 3.27872E+00 3.27864E+00 3.27856E+00 3.27848E+00 3.27840E+00 3.27832E+00 3.27825E+00 3.27817E+00 3.27786E+00 3.27757E+00 3.27729E+00 3.27704E+00 3.27679E+00 3.27656E+00 3.27635E+00 3.27615E+00 3.27596E+00 3.27578E+00 3.27561E+00 3.27545E+00 3.27530E+00 3.27516E+00 3.27503E+00 3.27491E+00 3.27479E+00 3.27468E+00 3.27458E+00 3.27448E+00 3.27439E+00 3.27430E+00 3.27422E+00 3.27414E+00 3.27407E+00 3.27400E+00 3.27394E+00 3.27388E+00 3.27382E+00 3.27377E+00 3.27371E+00 3.27367E+00 3.27362E+00 3.27358E+00 3.27354E+00 3.27350E+00 3.27347E+00 3.27343E+00 3.27340E+00 3.27337E+00 3.27334E+00 3.27332E+00 3.27329E+00 3.27327E+00 % total
];

MAT_fuelsalt_A = [
0.00000E+00 0.00000E+00 0.00000E+00 0.00000E+00 0.00000E+00 0.00000E+00 0.00000E+00 0.00000E+00 0.00000E+00 0.00000E+00 0.00000E+00 0.00000E+00 0.00000E+00 0.00000E+00 0.00000E+00 0.00000E+00 0.00000E+00 0.00000E+00 0.00000E+00 0.00000E+00 0.00000E+00 0.00000E+00 0.00000E+00 0.00000E+00 0.00000E+00 0.00000E+00 0.00000E+00 0.00000E+00 0.00000E+00 0.00000E+00 0.00000E+00 0.00000E+00 0.00000E+00 0.00000E+00 0.00000E+00 0.00000E+00 0.00000E+00 0.00000E+00 0.00000E+00 0.00000E+00 0.00000E+00 0.00000E+00 0.00000E+00 0.00000E+00 0.00000E+00 0.00000E+00 0.00000E+00 0.00000E+00 0.00000E+00 0.00000E+00 0.00000E+00 0.00000E+00 0.00000E+00 0.00000E+00 0.00000E+00 0.00000E+00 0.00000E+00 0.00000E+00 0.00000E+00 0.00000E+00 0.00000E+00 0.00000E+00 0.00000E+00 0.00000E+00 0.00000E+00 0.00000E+00 0.00000E+00 0.00000E+00 0.00000E+00 0.00000E+00 0.00000E+00 0.00000E+00 % lost data
1.31843E+12 6.34755E+19 7.10291E+19 9.30176E+19 1.02285E+20 1.08972E+20 1.12999E+20 1.13928E+20 1.14437E+20 1.14666E+20 1.14802E+20 1.14769E+20 1.14752E+20 1.14848E+20 1.14970E+20 1.14971E+20 1.15028E+20 1.14956E+20 1.14873E+20 1.14940E+20 1.15098E+20 1.15002E+20 1.14718E+20 1.14732E+20 1.14721E+20 1.14832E+20 1.14559E+20 1.14922E+20 1.16543E+20 1.15893E+20 1.16041E+20 1.15740E+20 1.15472E+20 1.15192E+20 1.15014E+20 1.14928E+20 1.14766E+20 1.14865E+20 1.14712E+20 1.14521E+20 1.14249E+20 1.14461E+20 1.14332E+20 1.14274E+20 1.14144E+20 1.14259E+20 1.13779E+20 1.14423E+20 1.13836E+20 1.14043E+20 1.14031E+20 1.13806E+20 1.13965E+20 1.13680E+20 1.13513E+20 1.13421E+20 1.13758E+20 1.13453E+20 1.13945E+20 1.13233E+20 1.13546E+20 1.13551E+20 1.13423E+20 1.13280E+20 1.13475E+20 1.13263E+20 1.13669E+20 1.13694E+20 1.13555E+20 1.13303E+20 1.13360E+20 1.13525E+20 % total
];

