
ZAI = [
666
0
];

NAMES = [
'lost            '
'total           '
];

iLOST    = 1;
iTOT     = 2;

MAT_fuelsalt_VOLUME = [ 1.36700E+07 1.36700E+07 1.36700E+07 1.36700E+07 1.36700E+07 1.36700E+07 1.36700E+07 1.36700E+07 1.36700E+07 1.36700E+07 1.36700E+07 1.36700E+07 1.36700E+07 1.36700E+07 1.36700E+07 1.36700E+07 1.36700E+07 1.36700E+07 1.36700E+07 1.36700E+07 1.36700E+07 1.36700E+07 1.36700E+07 1.36700E+07 1.36700E+07 1.36700E+07 1.36700E+07 1.36700E+07 1.36700E+07 1.36700E+07 1.36700E+07 1.36700E+07 1.36700E+07 1.36700E+07 1.36700E+07 1.36700E+07 1.36700E+07 1.36700E+07 1.36700E+07 1.36700E+07 1.36700E+07 1.36700E+07 1.36700E+07 1.36700E+07 1.36700E+07 1.36700E+07 1.36700E+07 1.36700E+07 1.36700E+07 1.36700E+07 1.36700E+07 1.36700E+07 1.36700E+07 1.36700E+07 1.36700E+07 1.36700E+07 1.36700E+07 1.36700E+07 1.36700E+07 1.36700E+07 1.36700E+07 1.36700E+07 1.36700E+07 1.36700E+07 1.36700E+07 1.36700E+07 1.36700E+07 1.36700E+07 1.36700E+07 1.36700E+07 1.36700E+07 1.36700E+07 ];

MAT_fuelsalt_BURNUP = [ 0.00000E+00 0.00000E+00 0.00000E+00 0.00000E+00 0.00000E+00 0.00000E+00 0.00000E+00 0.00000E+00 0.00000E+00 0.00000E+00 0.00000E+00 0.00000E+00 0.00000E+00 0.00000E+00 0.00000E+00 0.00000E+00 0.00000E+00 0.00000E+00 0.00000E+00 0.00000E+00 0.00000E+00 0.00000E+00 0.00000E+00 0.00000E+00 0.00000E+00 0.00000E+00 0.00000E+00 0.00000E+00 0.00000E+00 0.00000E+00 0.00000E+00 0.00000E+00 0.00000E+00 0.00000E+00 0.00000E+00 0.00000E+00 0.00000E+00 0.00000E+00 0.00000E+00 0.00000E+00 0.00000E+00 0.00000E+00 0.00000E+00 0.00000E+00 0.00000E+00 0.00000E+00 0.00000E+00 0.00000E+00 0.00000E+00 0.00000E+00 0.00000E+00 0.00000E+00 0.00000E+00 0.00000E+00 0.00000E+00 0.00000E+00 0.00000E+00 0.00000E+00 0.00000E+00 0.00000E+00 0.00000E+00 0.00000E+00 0.00000E+00 0.00000E+00 0.00000E+00 0.00000E+00 0.00000E+00 0.00000E+00 0.00000E+00 0.00000E+00 0.00000E+00 0.00000E+00 ];

MAT_fuelsalt_ADENS = [
0.00000E+00 5.13133E-17 1.02534E-16 2.47263E-15 7.35614E-15 1.68798E-14 3.29937E-14 4.79960E-14 6.25059E-14 7.66534E-14 9.04876E-14 1.04018E-13 1.17598E-13 1.30866E-13 1.44211E-13 1.57629E-13 1.71066E-13 1.84362E-13 1.97714E-13 2.11117E-13 2.24894E-13 2.38835E-13 2.52284E-13 2.65989E-13 2.79775E-13 2.93628E-13 3.07594E-13 3.21786E-13 3.82604E-13 4.46051E-13 5.10139E-13 5.76902E-13 6.43947E-13 7.11922E-13 7.81579E-13 8.51402E-13 9.23894E-13 9.97173E-13 1.07043E-12 1.14278E-12 1.21581E-12 1.29018E-12 1.36747E-12 1.44290E-12 1.51952E-12 1.59711E-12 1.67462E-12 1.75241E-12 1.82888E-12 1.90500E-12 1.98332E-12 2.06135E-12 2.14051E-12 2.22025E-12 2.29921E-12 2.37712E-12 2.45561E-12 2.53395E-12 2.61345E-12 2.69276E-12 2.77286E-12 2.85337E-12 2.93163E-12 3.01211E-12 3.09214E-12 3.17187E-12 3.25245E-12 3.33330E-12 3.41404E-12 3.49433E-12 3.57571E-12 3.65729E-12 % lost data
6.51224E-02 6.51224E-02 6.51224E-02 6.51232E-02 6.51247E-02 6.51278E-02 6.51331E-02 6.51383E-02 6.51435E-02 6.51485E-02 6.51536E-02 6.51585E-02 6.51634E-02 6.51682E-02 6.51729E-02 6.51776E-02 6.51822E-02 6.51868E-02 6.51913E-02 6.51957E-02 6.52000E-02 6.52044E-02 6.52086E-02 6.52128E-02 6.52169E-02 6.52210E-02 6.52250E-02 6.52290E-02 6.52454E-02 6.52609E-02 6.52755E-02 6.52892E-02 6.53021E-02 6.53143E-02 6.53258E-02 6.53366E-02 6.53468E-02 6.53564E-02 6.53654E-02 6.53740E-02 6.53820E-02 6.53896E-02 6.53967E-02 6.54034E-02 6.54097E-02 6.54157E-02 6.54213E-02 6.54266E-02 6.54316E-02 6.54363E-02 6.54407E-02 6.54449E-02 6.54488E-02 6.54525E-02 6.54560E-02 6.54593E-02 6.54624E-02 6.54653E-02 6.54680E-02 6.54706E-02 6.54731E-02 6.54754E-02 6.54775E-02 6.54796E-02 6.54815E-02 6.54833E-02 6.54850E-02 6.54866E-02 6.54882E-02 6.54896E-02 6.54909E-02 6.54922E-02 % total
];

MAT_fuelsalt_MDENS = [
0.00000E+00 0.00000E+00 0.00000E+00 0.00000E+00 0.00000E+00 0.00000E+00 0.00000E+00 0.00000E+00 0.00000E+00 0.00000E+00 0.00000E+00 0.00000E+00 0.00000E+00 0.00000E+00 0.00000E+00 0.00000E+00 0.00000E+00 0.00000E+00 0.00000E+00 0.00000E+00 0.00000E+00 0.00000E+00 0.00000E+00 0.00000E+00 0.00000E+00 0.00000E+00 0.00000E+00 0.00000E+00 0.00000E+00 0.00000E+00 0.00000E+00 0.00000E+00 0.00000E+00 0.00000E+00 0.00000E+00 0.00000E+00 0.00000E+00 0.00000E+00 0.00000E+00 0.00000E+00 0.00000E+00 0.00000E+00 0.00000E+00 0.00000E+00 0.00000E+00 0.00000E+00 0.00000E+00 0.00000E+00 0.00000E+00 0.00000E+00 0.00000E+00 0.00000E+00 0.00000E+00 0.00000E+00 0.00000E+00 0.00000E+00 0.00000E+00 0.00000E+00 0.00000E+00 0.00000E+00 0.00000E+00 0.00000E+00 0.00000E+00 0.00000E+00 0.00000E+00 0.00000E+00 0.00000E+00 0.00000E+00 0.00000E+00 0.00000E+00 0.00000E+00 0.00000E+00 % lost data
3.28019E+00 3.28019E+00 3.28019E+00 3.28024E+00 3.28034E+00 3.28053E+00 3.28086E+00 3.28118E+00 3.28150E+00 3.28182E+00 3.28214E+00 3.28245E+00 3.28275E+00 3.28306E+00 3.28336E+00 3.28365E+00 3.28395E+00 3.28424E+00 3.28452E+00 3.28480E+00 3.28508E+00 3.28535E+00 3.28562E+00 3.28589E+00 3.28615E+00 3.28641E+00 3.28667E+00 3.28692E+00 3.28795E+00 3.28893E+00 3.28985E+00 3.29072E+00 3.29154E+00 3.29232E+00 3.29305E+00 3.29374E+00 3.29439E+00 3.29501E+00 3.29559E+00 3.29614E+00 3.29666E+00 3.29714E+00 3.29760E+00 3.29804E+00 3.29844E+00 3.29883E+00 3.29919E+00 3.29954E+00 3.29986E+00 3.30017E+00 3.30045E+00 3.30072E+00 3.30098E+00 3.30122E+00 3.30145E+00 3.30166E+00 3.30186E+00 3.30205E+00 3.30223E+00 3.30240E+00 3.30256E+00 3.30271E+00 3.30285E+00 3.30299E+00 3.30311E+00 3.30323E+00 3.30334E+00 3.30345E+00 3.30355E+00 3.30364E+00 3.30373E+00 3.30382E+00 % total
];

MAT_fuelsalt_A = [
0.00000E+00 0.00000E+00 0.00000E+00 0.00000E+00 0.00000E+00 0.00000E+00 0.00000E+00 0.00000E+00 0.00000E+00 0.00000E+00 0.00000E+00 0.00000E+00 0.00000E+00 0.00000E+00 0.00000E+00 0.00000E+00 0.00000E+00 0.00000E+00 0.00000E+00 0.00000E+00 0.00000E+00 0.00000E+00 0.00000E+00 0.00000E+00 0.00000E+00 0.00000E+00 0.00000E+00 0.00000E+00 0.00000E+00 0.00000E+00 0.00000E+00 0.00000E+00 0.00000E+00 0.00000E+00 0.00000E+00 0.00000E+00 0.00000E+00 0.00000E+00 0.00000E+00 0.00000E+00 0.00000E+00 0.00000E+00 0.00000E+00 0.00000E+00 0.00000E+00 0.00000E+00 0.00000E+00 0.00000E+00 0.00000E+00 0.00000E+00 0.00000E+00 0.00000E+00 0.00000E+00 0.00000E+00 0.00000E+00 0.00000E+00 0.00000E+00 0.00000E+00 0.00000E+00 0.00000E+00 0.00000E+00 0.00000E+00 0.00000E+00 0.00000E+00 0.00000E+00 0.00000E+00 0.00000E+00 0.00000E+00 0.00000E+00 0.00000E+00 0.00000E+00 0.00000E+00 % lost data
1.31843E+12 6.34295E+19 7.09638E+19 9.46397E+19 1.05787E+20 1.15530E+20 1.22553E+20 1.20333E+20 1.18883E+20 1.17788E+20 1.16917E+20 1.16100E+20 1.15562E+20 1.15446E+20 1.14870E+20 1.14365E+20 1.13834E+20 1.13685E+20 1.13622E+20 1.13062E+20 1.12612E+20 1.12583E+20 1.12643E+20 1.12858E+20 1.12309E+20 1.12307E+20 1.12146E+20 1.11729E+20 1.18450E+20 1.17494E+20 1.15582E+20 1.14488E+20 1.13873E+20 1.13786E+20 1.12714E+20 1.11867E+20 1.11318E+20 1.10808E+20 1.10582E+20 1.10637E+20 1.10105E+20 1.09177E+20 1.09008E+20 1.09218E+20 1.09154E+20 1.08667E+20 1.08734E+20 1.08127E+20 1.08000E+20 1.08386E+20 1.07809E+20 1.07858E+20 1.07719E+20 1.07398E+20 1.07567E+20 1.07529E+20 1.07678E+20 1.08125E+20 1.07325E+20 1.07198E+20 1.06824E+20 1.06755E+20 1.07015E+20 1.07079E+20 1.07382E+20 1.07240E+20 1.06470E+20 1.06947E+20 1.06532E+20 1.06752E+20 1.06404E+20 1.06593E+20 % total
];

