
ZAI = [
666
0
];

NAMES = [
'lost            '
'total           '
];

iLOST    = 1;
iTOT     = 2;

MAT_fuelsalt_VOLUME = [ 1.36700E+07 1.36700E+07 1.36700E+07 1.36700E+07 1.36700E+07 1.36700E+07 1.36700E+07 1.36700E+07 1.36700E+07 1.36700E+07 1.36700E+07 1.36700E+07 1.36700E+07 1.36700E+07 1.36700E+07 1.36700E+07 1.36700E+07 1.36700E+07 1.36700E+07 1.36700E+07 1.36700E+07 1.36700E+07 1.36700E+07 1.36700E+07 1.36700E+07 1.36700E+07 1.36700E+07 1.36700E+07 1.36700E+07 1.36700E+07 1.36700E+07 1.36700E+07 1.36700E+07 1.36700E+07 1.36700E+07 1.36700E+07 1.36700E+07 1.36700E+07 1.36700E+07 1.36700E+07 1.36700E+07 1.36700E+07 1.36700E+07 1.36700E+07 1.36700E+07 1.36700E+07 1.36700E+07 1.36700E+07 1.36700E+07 1.36700E+07 1.36700E+07 1.36700E+07 1.36700E+07 1.36700E+07 1.36700E+07 1.36700E+07 1.36700E+07 1.36700E+07 1.36700E+07 1.36700E+07 1.36700E+07 1.36700E+07 1.36700E+07 1.36700E+07 1.36700E+07 1.36700E+07 1.36700E+07 1.36700E+07 1.36700E+07 1.36700E+07 1.36700E+07 1.36700E+07 ];

MAT_fuelsalt_BURNUP = [ 0.00000E+00 0.00000E+00 0.00000E+00 0.00000E+00 0.00000E+00 0.00000E+00 0.00000E+00 0.00000E+00 0.00000E+00 0.00000E+00 0.00000E+00 0.00000E+00 0.00000E+00 0.00000E+00 0.00000E+00 0.00000E+00 0.00000E+00 0.00000E+00 0.00000E+00 0.00000E+00 0.00000E+00 0.00000E+00 0.00000E+00 0.00000E+00 0.00000E+00 0.00000E+00 0.00000E+00 0.00000E+00 0.00000E+00 0.00000E+00 0.00000E+00 0.00000E+00 0.00000E+00 0.00000E+00 0.00000E+00 0.00000E+00 0.00000E+00 0.00000E+00 0.00000E+00 0.00000E+00 0.00000E+00 0.00000E+00 0.00000E+00 0.00000E+00 0.00000E+00 0.00000E+00 0.00000E+00 0.00000E+00 0.00000E+00 0.00000E+00 0.00000E+00 0.00000E+00 0.00000E+00 0.00000E+00 0.00000E+00 0.00000E+00 0.00000E+00 0.00000E+00 0.00000E+00 0.00000E+00 0.00000E+00 0.00000E+00 0.00000E+00 0.00000E+00 0.00000E+00 0.00000E+00 0.00000E+00 0.00000E+00 0.00000E+00 0.00000E+00 0.00000E+00 0.00000E+00 ];

MAT_fuelsalt_ADENS = [
0.00000E+00 5.12025E-17 1.02465E-16 2.46133E-15 7.38539E-15 1.72573E-14 3.45808E-14 5.15883E-14 6.83836E-14 8.49757E-14 1.01329E-13 1.17637E-13 1.33781E-13 1.49868E-13 1.65726E-13 1.81424E-13 1.97148E-13 2.12738E-13 2.28263E-13 2.43602E-13 2.58995E-13 2.74352E-13 2.89656E-13 3.04813E-13 3.19937E-13 3.35044E-13 3.50268E-13 3.65316E-13 4.30614E-13 4.95294E-13 5.59652E-13 6.23252E-13 6.86782E-13 7.49892E-13 8.12633E-13 8.74963E-13 9.37179E-13 1.00011E-12 1.06248E-12 1.12473E-12 1.18660E-12 1.24875E-12 1.31097E-12 1.37235E-12 1.43393E-12 1.49540E-12 1.55682E-12 1.61830E-12 1.67995E-12 1.74160E-12 1.80286E-12 1.86432E-12 1.92596E-12 1.98684E-12 2.04849E-12 2.10962E-12 2.17035E-12 2.23181E-12 2.29323E-12 2.35459E-12 2.41540E-12 2.47662E-12 2.53762E-12 2.59889E-12 2.66035E-12 2.72140E-12 2.78260E-12 2.84317E-12 2.90440E-12 2.96536E-12 3.02669E-12 3.08833E-12 % lost data
6.51224E-02 6.51224E-02 6.51224E-02 6.51224E-02 6.51225E-02 6.51227E-02 6.51230E-02 6.51233E-02 6.51235E-02 6.51238E-02 6.51241E-02 6.51243E-02 6.51246E-02 6.51248E-02 6.51251E-02 6.51253E-02 6.51256E-02 6.51258E-02 6.51261E-02 6.51263E-02 6.51266E-02 6.51268E-02 6.51271E-02 6.51273E-02 6.51275E-02 6.51278E-02 6.51280E-02 6.51282E-02 6.51292E-02 6.51302E-02 6.51311E-02 6.51319E-02 6.51328E-02 6.51336E-02 6.51343E-02 6.51351E-02 6.51358E-02 6.51364E-02 6.51371E-02 6.51377E-02 6.51383E-02 6.51389E-02 6.51394E-02 6.51399E-02 6.51404E-02 6.51409E-02 6.51414E-02 6.51418E-02 6.51422E-02 6.51427E-02 6.51430E-02 6.51434E-02 6.51438E-02 6.51441E-02 6.51445E-02 6.51448E-02 6.51451E-02 6.51454E-02 6.51456E-02 6.51459E-02 6.51462E-02 6.51464E-02 6.51467E-02 6.51469E-02 6.51471E-02 6.51473E-02 6.51475E-02 6.51477E-02 6.51479E-02 6.51481E-02 6.51482E-02 6.51484E-02 % total
];

MAT_fuelsalt_MDENS = [
0.00000E+00 0.00000E+00 0.00000E+00 0.00000E+00 0.00000E+00 0.00000E+00 0.00000E+00 0.00000E+00 0.00000E+00 0.00000E+00 0.00000E+00 0.00000E+00 0.00000E+00 0.00000E+00 0.00000E+00 0.00000E+00 0.00000E+00 0.00000E+00 0.00000E+00 0.00000E+00 0.00000E+00 0.00000E+00 0.00000E+00 0.00000E+00 0.00000E+00 0.00000E+00 0.00000E+00 0.00000E+00 0.00000E+00 0.00000E+00 0.00000E+00 0.00000E+00 0.00000E+00 0.00000E+00 0.00000E+00 0.00000E+00 0.00000E+00 0.00000E+00 0.00000E+00 0.00000E+00 0.00000E+00 0.00000E+00 0.00000E+00 0.00000E+00 0.00000E+00 0.00000E+00 0.00000E+00 0.00000E+00 0.00000E+00 0.00000E+00 0.00000E+00 0.00000E+00 0.00000E+00 0.00000E+00 0.00000E+00 0.00000E+00 0.00000E+00 0.00000E+00 0.00000E+00 0.00000E+00 0.00000E+00 0.00000E+00 0.00000E+00 0.00000E+00 0.00000E+00 0.00000E+00 0.00000E+00 0.00000E+00 0.00000E+00 0.00000E+00 0.00000E+00 0.00000E+00 % lost data
3.28019E+00 3.28019E+00 3.28019E+00 3.28017E+00 3.28014E+00 3.28008E+00 3.27996E+00 3.27985E+00 3.27973E+00 3.27962E+00 3.27951E+00 3.27940E+00 3.27929E+00 3.27918E+00 3.27907E+00 3.27896E+00 3.27886E+00 3.27875E+00 3.27865E+00 3.27855E+00 3.27845E+00 3.27835E+00 3.27825E+00 3.27815E+00 3.27805E+00 3.27795E+00 3.27786E+00 3.27777E+00 3.27736E+00 3.27697E+00 3.27660E+00 3.27625E+00 3.27591E+00 3.27558E+00 3.27527E+00 3.27497E+00 3.27469E+00 3.27441E+00 3.27415E+00 3.27390E+00 3.27366E+00 3.27342E+00 3.27320E+00 3.27299E+00 3.27278E+00 3.27259E+00 3.27240E+00 3.27222E+00 3.27205E+00 3.27188E+00 3.27172E+00 3.27157E+00 3.27142E+00 3.27128E+00 3.27114E+00 3.27101E+00 3.27089E+00 3.27077E+00 3.27066E+00 3.27055E+00 3.27044E+00 3.27034E+00 3.27024E+00 3.27015E+00 3.27006E+00 3.26997E+00 3.26989E+00 3.26981E+00 3.26973E+00 3.26966E+00 3.26959E+00 3.26952E+00 % total
];

MAT_fuelsalt_A = [
0.00000E+00 0.00000E+00 0.00000E+00 0.00000E+00 0.00000E+00 0.00000E+00 0.00000E+00 0.00000E+00 0.00000E+00 0.00000E+00 0.00000E+00 0.00000E+00 0.00000E+00 0.00000E+00 0.00000E+00 0.00000E+00 0.00000E+00 0.00000E+00 0.00000E+00 0.00000E+00 0.00000E+00 0.00000E+00 0.00000E+00 0.00000E+00 0.00000E+00 0.00000E+00 0.00000E+00 0.00000E+00 0.00000E+00 0.00000E+00 0.00000E+00 0.00000E+00 0.00000E+00 0.00000E+00 0.00000E+00 0.00000E+00 0.00000E+00 0.00000E+00 0.00000E+00 0.00000E+00 0.00000E+00 0.00000E+00 0.00000E+00 0.00000E+00 0.00000E+00 0.00000E+00 0.00000E+00 0.00000E+00 0.00000E+00 0.00000E+00 0.00000E+00 0.00000E+00 0.00000E+00 0.00000E+00 0.00000E+00 0.00000E+00 0.00000E+00 0.00000E+00 0.00000E+00 0.00000E+00 0.00000E+00 0.00000E+00 0.00000E+00 0.00000E+00 0.00000E+00 0.00000E+00 0.00000E+00 0.00000E+00 0.00000E+00 0.00000E+00 0.00000E+00 0.00000E+00 % lost data
1.31843E+12 6.33773E+19 7.10006E+19 9.30370E+19 1.02762E+20 1.09937E+20 1.14609E+20 1.14911E+20 1.14707E+20 1.14692E+20 1.14461E+20 1.14076E+20 1.13880E+20 1.13604E+20 1.13335E+20 1.13344E+20 1.13028E+20 1.12870E+20 1.12168E+20 1.12414E+20 1.12188E+20 1.12027E+20 1.11780E+20 1.11682E+20 1.11366E+20 1.11256E+20 1.11101E+20 1.11050E+20 1.14910E+20 1.14244E+20 1.13235E+20 1.12598E+20 1.11947E+20 1.11287E+20 1.10476E+20 1.10269E+20 1.10102E+20 1.09790E+20 1.08853E+20 1.08871E+20 1.08537E+20 1.08116E+20 1.08274E+20 1.07816E+20 1.07742E+20 1.07285E+20 1.07283E+20 1.07095E+20 1.06900E+20 1.06757E+20 1.06613E+20 1.06320E+20 1.06326E+20 1.06343E+20 1.06037E+20 1.05881E+20 1.05908E+20 1.05486E+20 1.05626E+20 1.05557E+20 1.05530E+20 1.05445E+20 1.05473E+20 1.05168E+20 1.05266E+20 1.05429E+20 1.05061E+20 1.04965E+20 1.04854E+20 1.05118E+20 1.05079E+20 1.04912E+20 % total
];

