
ZAI = [
666
0
];

NAMES = [
'lost            '
'total           '
];

iLOST    = 1;
iTOT     = 2;

MAT_fuelsalt_VOLUME = [ 1.36700E+07 1.36700E+07 1.36700E+07 1.36700E+07 1.36700E+07 1.36700E+07 1.36700E+07 1.36700E+07 1.36700E+07 1.36700E+07 1.36700E+07 1.36700E+07 1.36700E+07 1.36700E+07 1.36700E+07 1.36700E+07 1.36700E+07 1.36700E+07 1.36700E+07 1.36700E+07 1.36700E+07 1.36700E+07 1.36700E+07 1.36700E+07 1.36700E+07 1.36700E+07 1.36700E+07 1.36700E+07 1.36700E+07 1.36700E+07 1.36700E+07 1.36700E+07 1.36700E+07 1.36700E+07 1.36700E+07 1.36700E+07 1.36700E+07 1.36700E+07 1.36700E+07 1.36700E+07 1.36700E+07 1.36700E+07 1.36700E+07 1.36700E+07 1.36700E+07 1.36700E+07 1.36700E+07 1.36700E+07 1.36700E+07 1.36700E+07 1.36700E+07 1.36700E+07 1.36700E+07 1.36700E+07 1.36700E+07 1.36700E+07 1.36700E+07 1.36700E+07 1.36700E+07 1.36700E+07 1.36700E+07 1.36700E+07 1.36700E+07 1.36700E+07 1.36700E+07 1.36700E+07 1.36700E+07 1.36700E+07 1.36700E+07 1.36700E+07 1.36700E+07 1.36700E+07 ];

MAT_fuelsalt_BURNUP = [ 0.00000E+00 0.00000E+00 0.00000E+00 0.00000E+00 0.00000E+00 0.00000E+00 0.00000E+00 0.00000E+00 0.00000E+00 0.00000E+00 0.00000E+00 0.00000E+00 0.00000E+00 0.00000E+00 0.00000E+00 0.00000E+00 0.00000E+00 0.00000E+00 0.00000E+00 0.00000E+00 0.00000E+00 0.00000E+00 0.00000E+00 0.00000E+00 0.00000E+00 0.00000E+00 0.00000E+00 0.00000E+00 0.00000E+00 0.00000E+00 0.00000E+00 0.00000E+00 0.00000E+00 0.00000E+00 0.00000E+00 0.00000E+00 0.00000E+00 0.00000E+00 0.00000E+00 0.00000E+00 0.00000E+00 0.00000E+00 0.00000E+00 0.00000E+00 0.00000E+00 0.00000E+00 0.00000E+00 0.00000E+00 0.00000E+00 0.00000E+00 0.00000E+00 0.00000E+00 0.00000E+00 0.00000E+00 0.00000E+00 0.00000E+00 0.00000E+00 0.00000E+00 0.00000E+00 0.00000E+00 0.00000E+00 0.00000E+00 0.00000E+00 0.00000E+00 0.00000E+00 0.00000E+00 0.00000E+00 0.00000E+00 0.00000E+00 0.00000E+00 0.00000E+00 0.00000E+00 ];

MAT_fuelsalt_ADENS = [
0.00000E+00 5.39390E-17 1.08286E-16 2.59364E-15 7.76283E-15 1.80605E-14 3.59988E-14 5.37146E-14 7.10928E-14 8.83252E-14 1.05220E-13 1.21921E-13 1.38380E-13 1.54716E-13 1.70948E-13 1.87130E-13 2.03245E-13 2.19112E-13 2.34673E-13 2.50387E-13 2.65980E-13 2.81461E-13 2.97015E-13 3.12258E-13 3.27384E-13 3.42695E-13 3.57909E-13 3.73044E-13 4.38065E-13 5.02007E-13 5.65117E-13 6.28460E-13 6.90721E-13 7.53234E-13 8.14994E-13 8.76696E-13 9.39168E-13 1.00034E-12 1.06173E-12 1.12275E-12 1.18389E-12 1.24509E-12 1.30652E-12 1.36749E-12 1.42810E-12 1.48881E-12 1.54994E-12 1.61130E-12 1.67249E-12 1.73369E-12 1.79444E-12 1.85582E-12 1.91691E-12 1.97809E-12 2.03854E-12 2.09935E-12 2.15960E-12 2.22076E-12 2.28123E-12 2.34221E-12 2.40331E-12 2.46521E-12 2.52645E-12 2.58666E-12 2.64716E-12 2.70876E-12 2.76965E-12 2.83071E-12 2.89144E-12 2.95209E-12 3.01387E-12 3.07531E-12 % lost data
7.97438E-02 7.97438E-02 7.97438E-02 7.97438E-02 7.97439E-02 7.97441E-02 7.97443E-02 7.97446E-02 7.97448E-02 7.97451E-02 7.97453E-02 7.97456E-02 7.97458E-02 7.97461E-02 7.97463E-02 7.97466E-02 7.97468E-02 7.97470E-02 7.97473E-02 7.97475E-02 7.97477E-02 7.97480E-02 7.97482E-02 7.97484E-02 7.97487E-02 7.97489E-02 7.97491E-02 7.97494E-02 7.97503E-02 7.97513E-02 7.97522E-02 7.97531E-02 7.97539E-02 7.97548E-02 7.97556E-02 7.97564E-02 7.97571E-02 7.97578E-02 7.97585E-02 7.97592E-02 7.97599E-02 7.97605E-02 7.97611E-02 7.97617E-02 7.97623E-02 7.97629E-02 7.97634E-02 7.97639E-02 7.97644E-02 7.97649E-02 7.97654E-02 7.97658E-02 7.97663E-02 7.97667E-02 7.97671E-02 7.97675E-02 7.97679E-02 7.97683E-02 7.97686E-02 7.97690E-02 7.97693E-02 7.97696E-02 7.97699E-02 7.97702E-02 7.97705E-02 7.97708E-02 7.97711E-02 7.97714E-02 7.97716E-02 7.97719E-02 7.97721E-02 7.97723E-02 % total
];

MAT_fuelsalt_MDENS = [
0.00000E+00 0.00000E+00 0.00000E+00 0.00000E+00 0.00000E+00 0.00000E+00 0.00000E+00 0.00000E+00 0.00000E+00 0.00000E+00 0.00000E+00 0.00000E+00 0.00000E+00 0.00000E+00 0.00000E+00 0.00000E+00 0.00000E+00 0.00000E+00 0.00000E+00 0.00000E+00 0.00000E+00 0.00000E+00 0.00000E+00 0.00000E+00 0.00000E+00 0.00000E+00 0.00000E+00 0.00000E+00 0.00000E+00 0.00000E+00 0.00000E+00 0.00000E+00 0.00000E+00 0.00000E+00 0.00000E+00 0.00000E+00 0.00000E+00 0.00000E+00 0.00000E+00 0.00000E+00 0.00000E+00 0.00000E+00 0.00000E+00 0.00000E+00 0.00000E+00 0.00000E+00 0.00000E+00 0.00000E+00 0.00000E+00 0.00000E+00 0.00000E+00 0.00000E+00 0.00000E+00 0.00000E+00 0.00000E+00 0.00000E+00 0.00000E+00 0.00000E+00 0.00000E+00 0.00000E+00 0.00000E+00 0.00000E+00 0.00000E+00 0.00000E+00 0.00000E+00 0.00000E+00 0.00000E+00 0.00000E+00 0.00000E+00 0.00000E+00 0.00000E+00 0.00000E+00 % lost data
3.35931E+00 3.35931E+00 3.35931E+00 3.35930E+00 3.35927E+00 3.35922E+00 3.35911E+00 3.35901E+00 3.35891E+00 3.35881E+00 3.35871E+00 3.35861E+00 3.35851E+00 3.35842E+00 3.35832E+00 3.35823E+00 3.35813E+00 3.35804E+00 3.35795E+00 3.35786E+00 3.35777E+00 3.35768E+00 3.35759E+00 3.35750E+00 3.35741E+00 3.35733E+00 3.35724E+00 3.35716E+00 3.35680E+00 3.35645E+00 3.35611E+00 3.35579E+00 3.35548E+00 3.35519E+00 3.35490E+00 3.35462E+00 3.35436E+00 3.35410E+00 3.35385E+00 3.35361E+00 3.35338E+00 3.35316E+00 3.35295E+00 3.35274E+00 3.35254E+00 3.35235E+00 3.35217E+00 3.35199E+00 3.35181E+00 3.35165E+00 3.35149E+00 3.35133E+00 3.35118E+00 3.35104E+00 3.35090E+00 3.35076E+00 3.35063E+00 3.35051E+00 3.35039E+00 3.35027E+00 3.35016E+00 3.35005E+00 3.34995E+00 3.34984E+00 3.34975E+00 3.34965E+00 3.34956E+00 3.34947E+00 3.34939E+00 3.34931E+00 3.34923E+00 3.34915E+00 % total
];

MAT_fuelsalt_A = [
0.00000E+00 0.00000E+00 0.00000E+00 0.00000E+00 0.00000E+00 0.00000E+00 0.00000E+00 0.00000E+00 0.00000E+00 0.00000E+00 0.00000E+00 0.00000E+00 0.00000E+00 0.00000E+00 0.00000E+00 0.00000E+00 0.00000E+00 0.00000E+00 0.00000E+00 0.00000E+00 0.00000E+00 0.00000E+00 0.00000E+00 0.00000E+00 0.00000E+00 0.00000E+00 0.00000E+00 0.00000E+00 0.00000E+00 0.00000E+00 0.00000E+00 0.00000E+00 0.00000E+00 0.00000E+00 0.00000E+00 0.00000E+00 0.00000E+00 0.00000E+00 0.00000E+00 0.00000E+00 0.00000E+00 0.00000E+00 0.00000E+00 0.00000E+00 0.00000E+00 0.00000E+00 0.00000E+00 0.00000E+00 0.00000E+00 0.00000E+00 0.00000E+00 0.00000E+00 0.00000E+00 0.00000E+00 0.00000E+00 0.00000E+00 0.00000E+00 0.00000E+00 0.00000E+00 0.00000E+00 0.00000E+00 0.00000E+00 0.00000E+00 0.00000E+00 0.00000E+00 0.00000E+00 0.00000E+00 0.00000E+00 0.00000E+00 0.00000E+00 0.00000E+00 0.00000E+00 % lost data
1.15956E+12 6.24585E+19 7.05729E+19 9.11935E+19 1.00684E+20 1.08172E+20 1.12739E+20 1.13525E+20 1.13869E+20 1.13979E+20 1.13918E+20 1.14126E+20 1.14099E+20 1.14073E+20 1.14411E+20 1.14157E+20 1.14436E+20 1.14275E+20 1.14120E+20 1.14011E+20 1.14111E+20 1.14418E+20 1.14048E+20 1.13501E+20 1.13904E+20 1.13964E+20 1.13682E+20 1.13775E+20 1.16225E+20 1.15687E+20 1.15579E+20 1.15352E+20 1.15151E+20 1.14980E+20 1.15007E+20 1.14909E+20 1.14330E+20 1.14545E+20 1.14330E+20 1.14538E+20 1.13864E+20 1.13754E+20 1.14123E+20 1.13620E+20 1.13960E+20 1.13723E+20 1.13740E+20 1.13686E+20 1.13590E+20 1.13554E+20 1.13035E+20 1.13323E+20 1.13177E+20 1.13102E+20 1.13641E+20 1.13179E+20 1.13161E+20 1.12897E+20 1.13233E+20 1.12990E+20 1.12830E+20 1.13103E+20 1.12959E+20 1.12808E+20 1.12852E+20 1.13341E+20 1.12619E+20 1.12428E+20 1.12595E+20 1.13275E+20 1.12564E+20 1.12689E+20 % total
];

