
ZAI = [
666
0
];

NAMES = [
'lost            '
'total           '
];

iLOST    = 1;
iTOT     = 2;

MAT_fuelsalt_VOLUME = [ 1.36700E+07 1.36700E+07 1.36700E+07 1.36700E+07 1.36700E+07 1.36700E+07 1.36700E+07 1.36700E+07 1.36700E+07 1.36700E+07 1.36700E+07 1.36700E+07 1.36700E+07 1.36700E+07 1.36700E+07 1.36700E+07 1.36700E+07 1.36700E+07 1.36700E+07 1.36700E+07 1.36700E+07 1.36700E+07 1.36700E+07 1.36700E+07 1.36700E+07 1.36700E+07 1.36700E+07 1.36700E+07 1.36700E+07 1.36700E+07 1.36700E+07 1.36700E+07 1.36700E+07 1.36700E+07 1.36700E+07 1.36700E+07 1.36700E+07 1.36700E+07 1.36700E+07 1.36700E+07 1.36700E+07 1.36700E+07 1.36700E+07 1.36700E+07 1.36700E+07 1.36700E+07 1.36700E+07 1.36700E+07 1.36700E+07 1.36700E+07 1.36700E+07 1.36700E+07 1.36700E+07 1.36700E+07 1.36700E+07 1.36700E+07 1.36700E+07 1.36700E+07 1.36700E+07 1.36700E+07 1.36700E+07 1.36700E+07 1.36700E+07 1.36700E+07 1.36700E+07 1.36700E+07 1.36700E+07 1.36700E+07 1.36700E+07 1.36700E+07 1.36700E+07 1.36700E+07 ];

MAT_fuelsalt_BURNUP = [ 0.00000E+00 0.00000E+00 0.00000E+00 0.00000E+00 0.00000E+00 0.00000E+00 0.00000E+00 0.00000E+00 0.00000E+00 0.00000E+00 0.00000E+00 0.00000E+00 0.00000E+00 0.00000E+00 0.00000E+00 0.00000E+00 0.00000E+00 0.00000E+00 0.00000E+00 0.00000E+00 0.00000E+00 0.00000E+00 0.00000E+00 0.00000E+00 0.00000E+00 0.00000E+00 0.00000E+00 0.00000E+00 0.00000E+00 0.00000E+00 0.00000E+00 0.00000E+00 0.00000E+00 0.00000E+00 0.00000E+00 0.00000E+00 0.00000E+00 0.00000E+00 0.00000E+00 0.00000E+00 0.00000E+00 0.00000E+00 0.00000E+00 0.00000E+00 0.00000E+00 0.00000E+00 0.00000E+00 0.00000E+00 0.00000E+00 0.00000E+00 0.00000E+00 0.00000E+00 0.00000E+00 0.00000E+00 0.00000E+00 0.00000E+00 0.00000E+00 0.00000E+00 0.00000E+00 0.00000E+00 0.00000E+00 0.00000E+00 0.00000E+00 0.00000E+00 0.00000E+00 0.00000E+00 0.00000E+00 0.00000E+00 0.00000E+00 0.00000E+00 0.00000E+00 0.00000E+00 ];

MAT_fuelsalt_ADENS = [
0.00000E+00 5.41627E-17 1.07865E-16 2.60958E-15 7.44962E-15 1.64520E-14 3.08205E-14 4.50296E-14 5.90722E-14 7.36019E-14 8.88311E-14 1.03944E-13 1.19622E-13 1.35472E-13 1.51880E-13 1.68256E-13 1.84601E-13 2.01085E-13 2.18059E-13 2.34944E-13 2.52160E-13 2.69037E-13 2.86097E-13 3.03345E-13 3.20667E-13 3.37861E-13 3.55147E-13 3.72661E-13 4.46528E-13 5.21200E-13 5.96319E-13 6.72115E-13 7.48293E-13 8.24054E-13 9.01019E-13 9.77448E-13 1.05374E-12 1.12967E-12 1.20577E-12 1.28291E-12 1.35988E-12 1.43569E-12 1.51068E-12 1.58693E-12 1.66326E-12 1.73756E-12 1.81318E-12 1.88916E-12 1.96522E-12 2.04162E-12 2.11781E-12 2.19429E-12 2.26930E-12 2.34621E-12 2.42275E-12 2.49980E-12 2.57479E-12 2.65062E-12 2.72717E-12 2.80347E-12 2.87890E-12 2.95570E-12 3.03147E-12 3.10690E-12 3.18296E-12 3.25724E-12 3.33219E-12 3.40714E-12 3.48389E-12 3.55873E-12 3.63299E-12 3.70946E-12 % lost data
7.97438E-02 7.97439E-02 7.97441E-02 7.97511E-02 7.97656E-02 7.97934E-02 7.98387E-02 7.98800E-02 7.99178E-02 7.99523E-02 7.99838E-02 8.00126E-02 8.00389E-02 8.00629E-02 8.00848E-02 8.01049E-02 8.01232E-02 8.01399E-02 8.01552E-02 8.01691E-02 8.01819E-02 8.01935E-02 8.02041E-02 8.02138E-02 8.02227E-02 8.02308E-02 8.02382E-02 8.02450E-02 8.02680E-02 8.02836E-02 8.02941E-02 8.03013E-02 8.03062E-02 8.03095E-02 8.03117E-02 8.03132E-02 8.03143E-02 8.03150E-02 8.03154E-02 8.03158E-02 8.03160E-02 8.03161E-02 8.03162E-02 8.03163E-02 8.03163E-02 8.03164E-02 8.03164E-02 8.03164E-02 8.03164E-02 8.03164E-02 8.03164E-02 8.03164E-02 8.03164E-02 8.03164E-02 8.03164E-02 8.03164E-02 8.03164E-02 8.03164E-02 8.03164E-02 8.03164E-02 8.03164E-02 8.03164E-02 8.03164E-02 8.03164E-02 8.03164E-02 8.03164E-02 8.03164E-02 8.03164E-02 8.03164E-02 8.03164E-02 8.03164E-02 8.03164E-02 % total
];

MAT_fuelsalt_MDENS = [
0.00000E+00 0.00000E+00 0.00000E+00 0.00000E+00 0.00000E+00 0.00000E+00 0.00000E+00 0.00000E+00 0.00000E+00 0.00000E+00 0.00000E+00 0.00000E+00 0.00000E+00 0.00000E+00 0.00000E+00 0.00000E+00 0.00000E+00 0.00000E+00 0.00000E+00 0.00000E+00 0.00000E+00 0.00000E+00 0.00000E+00 0.00000E+00 0.00000E+00 0.00000E+00 0.00000E+00 0.00000E+00 0.00000E+00 0.00000E+00 0.00000E+00 0.00000E+00 0.00000E+00 0.00000E+00 0.00000E+00 0.00000E+00 0.00000E+00 0.00000E+00 0.00000E+00 0.00000E+00 0.00000E+00 0.00000E+00 0.00000E+00 0.00000E+00 0.00000E+00 0.00000E+00 0.00000E+00 0.00000E+00 0.00000E+00 0.00000E+00 0.00000E+00 0.00000E+00 0.00000E+00 0.00000E+00 0.00000E+00 0.00000E+00 0.00000E+00 0.00000E+00 0.00000E+00 0.00000E+00 0.00000E+00 0.00000E+00 0.00000E+00 0.00000E+00 0.00000E+00 0.00000E+00 0.00000E+00 0.00000E+00 0.00000E+00 0.00000E+00 0.00000E+00 0.00000E+00 % lost data
3.35931E+00 3.35932E+00 3.35933E+00 3.35971E+00 3.36048E+00 3.36197E+00 3.36439E+00 3.36660E+00 3.36863E+00 3.37049E+00 3.37218E+00 3.37373E+00 3.37515E+00 3.37645E+00 3.37763E+00 3.37871E+00 3.37970E+00 3.38061E+00 3.38143E+00 3.38219E+00 3.38288E+00 3.38351E+00 3.38408E+00 3.38461E+00 3.38509E+00 3.38553E+00 3.38593E+00 3.38630E+00 3.38754E+00 3.38838E+00 3.38895E+00 3.38934E+00 3.38961E+00 3.38979E+00 3.38991E+00 3.39000E+00 3.39005E+00 3.39009E+00 3.39012E+00 3.39014E+00 3.39015E+00 3.39016E+00 3.39016E+00 3.39017E+00 3.39017E+00 3.39017E+00 3.39017E+00 3.39017E+00 3.39017E+00 3.39017E+00 3.39017E+00 3.39017E+00 3.39017E+00 3.39017E+00 3.39017E+00 3.39017E+00 3.39017E+00 3.39017E+00 3.39017E+00 3.39017E+00 3.39017E+00 3.39017E+00 3.39017E+00 3.39017E+00 3.39017E+00 3.39017E+00 3.39017E+00 3.39017E+00 3.39017E+00 3.39017E+00 3.39017E+00 3.39017E+00 % total
];

MAT_fuelsalt_A = [
0.00000E+00 0.00000E+00 0.00000E+00 0.00000E+00 0.00000E+00 0.00000E+00 0.00000E+00 0.00000E+00 0.00000E+00 0.00000E+00 0.00000E+00 0.00000E+00 0.00000E+00 0.00000E+00 0.00000E+00 0.00000E+00 0.00000E+00 0.00000E+00 0.00000E+00 0.00000E+00 0.00000E+00 0.00000E+00 0.00000E+00 0.00000E+00 0.00000E+00 0.00000E+00 0.00000E+00 0.00000E+00 0.00000E+00 0.00000E+00 0.00000E+00 0.00000E+00 0.00000E+00 0.00000E+00 0.00000E+00 0.00000E+00 0.00000E+00 0.00000E+00 0.00000E+00 0.00000E+00 0.00000E+00 0.00000E+00 0.00000E+00 0.00000E+00 0.00000E+00 0.00000E+00 0.00000E+00 0.00000E+00 0.00000E+00 0.00000E+00 0.00000E+00 0.00000E+00 0.00000E+00 0.00000E+00 0.00000E+00 0.00000E+00 0.00000E+00 0.00000E+00 0.00000E+00 0.00000E+00 0.00000E+00 0.00000E+00 0.00000E+00 0.00000E+00 0.00000E+00 0.00000E+00 0.00000E+00 0.00000E+00 0.00000E+00 0.00000E+00 0.00000E+00 0.00000E+00 % lost data
1.15956E+12 6.27128E+19 7.08012E+19 1.03743E+20 1.21421E+20 1.37509E+20 1.43639E+20 1.28898E+20 1.22448E+20 1.18319E+20 1.14622E+20 1.13482E+20 1.11844E+20 1.10680E+20 1.09649E+20 1.08449E+20 1.08217E+20 1.07310E+20 1.07075E+20 1.06798E+20 1.05818E+20 1.05986E+20 1.05701E+20 1.05361E+20 1.05236E+20 1.05215E+20 1.04758E+20 1.04215E+20 1.06841E+20 1.05160E+20 1.04629E+20 1.03781E+20 1.03090E+20 1.03929E+20 1.03085E+20 1.03053E+20 1.02986E+20 1.03111E+20 1.03140E+20 1.03073E+20 1.03212E+20 1.02451E+20 1.03378E+20 1.03666E+20 1.03231E+20 1.03781E+20 1.02908E+20 1.03256E+20 1.03314E+20 1.02790E+20 1.02816E+20 1.02912E+20 1.02866E+20 1.03021E+20 1.02829E+20 1.03409E+20 1.03193E+20 1.03031E+20 1.03651E+20 1.02662E+20 1.03003E+20 1.03100E+20 1.03195E+20 1.03384E+20 1.03178E+20 1.03190E+20 1.03142E+20 1.03271E+20 1.03070E+20 1.03067E+20 1.03465E+20 1.03491E+20 % total
];

