
ZAI = [
666
0
];

NAMES = [
'lost            '
'total           '
];

iLOST    = 1;
iTOT     = 2;

MAT_fuelsalt_VOLUME = [ 1.36700E+07 1.36700E+07 1.36700E+07 1.36700E+07 1.36700E+07 1.36700E+07 1.36700E+07 1.36700E+07 1.36700E+07 1.36700E+07 1.36700E+07 1.36700E+07 1.36700E+07 1.36700E+07 1.36700E+07 1.36700E+07 1.36700E+07 1.36700E+07 1.36700E+07 1.36700E+07 1.36700E+07 1.36700E+07 1.36700E+07 1.36700E+07 1.36700E+07 1.36700E+07 1.36700E+07 1.36700E+07 1.36700E+07 1.36700E+07 1.36700E+07 1.36700E+07 1.36700E+07 1.36700E+07 1.36700E+07 1.36700E+07 1.36700E+07 1.36700E+07 1.36700E+07 1.36700E+07 1.36700E+07 1.36700E+07 1.36700E+07 1.36700E+07 1.36700E+07 1.36700E+07 1.36700E+07 1.36700E+07 1.36700E+07 1.36700E+07 1.36700E+07 1.36700E+07 1.36700E+07 1.36700E+07 1.36700E+07 1.36700E+07 1.36700E+07 1.36700E+07 1.36700E+07 1.36700E+07 1.36700E+07 1.36700E+07 1.36700E+07 1.36700E+07 1.36700E+07 1.36700E+07 1.36700E+07 1.36700E+07 1.36700E+07 1.36700E+07 1.36700E+07 1.36700E+07 ];

MAT_fuelsalt_BURNUP = [ 0.00000E+00 0.00000E+00 0.00000E+00 0.00000E+00 0.00000E+00 0.00000E+00 0.00000E+00 0.00000E+00 0.00000E+00 0.00000E+00 0.00000E+00 0.00000E+00 0.00000E+00 0.00000E+00 0.00000E+00 0.00000E+00 0.00000E+00 0.00000E+00 0.00000E+00 0.00000E+00 0.00000E+00 0.00000E+00 0.00000E+00 0.00000E+00 0.00000E+00 0.00000E+00 0.00000E+00 0.00000E+00 0.00000E+00 0.00000E+00 0.00000E+00 0.00000E+00 0.00000E+00 0.00000E+00 0.00000E+00 0.00000E+00 0.00000E+00 0.00000E+00 0.00000E+00 0.00000E+00 0.00000E+00 0.00000E+00 0.00000E+00 0.00000E+00 0.00000E+00 0.00000E+00 0.00000E+00 0.00000E+00 0.00000E+00 0.00000E+00 0.00000E+00 0.00000E+00 0.00000E+00 0.00000E+00 0.00000E+00 0.00000E+00 0.00000E+00 0.00000E+00 0.00000E+00 0.00000E+00 0.00000E+00 0.00000E+00 0.00000E+00 0.00000E+00 0.00000E+00 0.00000E+00 0.00000E+00 0.00000E+00 0.00000E+00 0.00000E+00 0.00000E+00 0.00000E+00 ];

MAT_fuelsalt_ADENS = [
0.00000E+00 5.39702E-17 1.08143E-16 2.60362E-15 7.73702E-15 1.77948E-14 3.47249E-14 5.06106E-14 6.59385E-14 8.09586E-14 9.55062E-14 1.10122E-13 1.24851E-13 1.39199E-13 1.53722E-13 1.68170E-13 1.82674E-13 1.97223E-13 2.12103E-13 2.26860E-13 2.41445E-13 2.56139E-13 2.70990E-13 2.86252E-13 3.01422E-13 3.16636E-13 3.32252E-13 3.47492E-13 4.16663E-13 4.85769E-13 5.57622E-13 6.30693E-13 7.05645E-13 7.79809E-13 8.55472E-13 9.31331E-13 1.00877E-12 1.08628E-12 1.16389E-12 1.24116E-12 1.32075E-12 1.39949E-12 1.47848E-12 1.55915E-12 1.63962E-12 1.72106E-12 1.80286E-12 1.88409E-12 1.96480E-12 2.04660E-12 2.12905E-12 2.21220E-12 2.29417E-12 2.37601E-12 2.45793E-12 2.53961E-12 2.62329E-12 2.70515E-12 2.78826E-12 2.87188E-12 2.95529E-12 3.03758E-12 3.12095E-12 3.20563E-12 3.28960E-12 3.37300E-12 3.45576E-12 3.54021E-12 3.62320E-12 3.70805E-12 3.79204E-12 3.87709E-12 % lost data
7.97438E-02 7.97438E-02 7.97438E-02 7.97450E-02 7.97473E-02 7.97520E-02 7.97601E-02 7.97681E-02 7.97759E-02 7.97837E-02 7.97913E-02 7.97989E-02 7.98063E-02 7.98136E-02 7.98209E-02 7.98280E-02 7.98350E-02 7.98420E-02 7.98488E-02 7.98555E-02 7.98622E-02 7.98688E-02 7.98752E-02 7.98816E-02 7.98879E-02 7.98941E-02 7.99002E-02 7.99062E-02 7.99312E-02 7.99547E-02 7.99769E-02 7.99977E-02 8.00174E-02 8.00358E-02 8.00532E-02 8.00696E-02 8.00851E-02 8.00996E-02 8.01133E-02 8.01262E-02 8.01383E-02 8.01497E-02 8.01605E-02 8.01707E-02 8.01802E-02 8.01892E-02 8.01977E-02 8.02056E-02 8.02131E-02 8.02202E-02 8.02269E-02 8.02332E-02 8.02391E-02 8.02446E-02 8.02499E-02 8.02548E-02 8.02595E-02 8.02638E-02 8.02680E-02 8.02718E-02 8.02755E-02 8.02789E-02 8.02822E-02 8.02852E-02 8.02881E-02 8.02908E-02 8.02934E-02 8.02958E-02 8.02981E-02 8.03002E-02 8.03022E-02 8.03041E-02 % total
];

MAT_fuelsalt_MDENS = [
0.00000E+00 0.00000E+00 0.00000E+00 0.00000E+00 0.00000E+00 0.00000E+00 0.00000E+00 0.00000E+00 0.00000E+00 0.00000E+00 0.00000E+00 0.00000E+00 0.00000E+00 0.00000E+00 0.00000E+00 0.00000E+00 0.00000E+00 0.00000E+00 0.00000E+00 0.00000E+00 0.00000E+00 0.00000E+00 0.00000E+00 0.00000E+00 0.00000E+00 0.00000E+00 0.00000E+00 0.00000E+00 0.00000E+00 0.00000E+00 0.00000E+00 0.00000E+00 0.00000E+00 0.00000E+00 0.00000E+00 0.00000E+00 0.00000E+00 0.00000E+00 0.00000E+00 0.00000E+00 0.00000E+00 0.00000E+00 0.00000E+00 0.00000E+00 0.00000E+00 0.00000E+00 0.00000E+00 0.00000E+00 0.00000E+00 0.00000E+00 0.00000E+00 0.00000E+00 0.00000E+00 0.00000E+00 0.00000E+00 0.00000E+00 0.00000E+00 0.00000E+00 0.00000E+00 0.00000E+00 0.00000E+00 0.00000E+00 0.00000E+00 0.00000E+00 0.00000E+00 0.00000E+00 0.00000E+00 0.00000E+00 0.00000E+00 0.00000E+00 0.00000E+00 0.00000E+00 % lost data
3.35931E+00 3.35931E+00 3.35931E+00 3.35936E+00 3.35945E+00 3.35964E+00 3.35995E+00 3.36026E+00 3.36056E+00 3.36086E+00 3.36116E+00 3.36146E+00 3.36175E+00 3.36204E+00 3.36233E+00 3.36261E+00 3.36289E+00 3.36316E+00 3.36343E+00 3.36370E+00 3.36396E+00 3.36422E+00 3.36448E+00 3.36474E+00 3.36499E+00 3.36523E+00 3.36548E+00 3.36572E+00 3.36669E+00 3.36762E+00 3.36849E+00 3.36931E+00 3.37009E+00 3.37082E+00 3.37152E+00 3.37217E+00 3.37279E+00 3.37337E+00 3.37392E+00 3.37443E+00 3.37492E+00 3.37538E+00 3.37581E+00 3.37622E+00 3.37661E+00 3.37697E+00 3.37731E+00 3.37763E+00 3.37794E+00 3.37822E+00 3.37849E+00 3.37875E+00 3.37898E+00 3.37921E+00 3.37942E+00 3.37962E+00 3.37981E+00 3.37999E+00 3.38016E+00 3.38031E+00 3.38046E+00 3.38060E+00 3.38074E+00 3.38086E+00 3.38098E+00 3.38109E+00 3.38119E+00 3.38129E+00 3.38138E+00 3.38147E+00 3.38155E+00 3.38163E+00 % total
];

MAT_fuelsalt_A = [
0.00000E+00 0.00000E+00 0.00000E+00 0.00000E+00 0.00000E+00 0.00000E+00 0.00000E+00 0.00000E+00 0.00000E+00 0.00000E+00 0.00000E+00 0.00000E+00 0.00000E+00 0.00000E+00 0.00000E+00 0.00000E+00 0.00000E+00 0.00000E+00 0.00000E+00 0.00000E+00 0.00000E+00 0.00000E+00 0.00000E+00 0.00000E+00 0.00000E+00 0.00000E+00 0.00000E+00 0.00000E+00 0.00000E+00 0.00000E+00 0.00000E+00 0.00000E+00 0.00000E+00 0.00000E+00 0.00000E+00 0.00000E+00 0.00000E+00 0.00000E+00 0.00000E+00 0.00000E+00 0.00000E+00 0.00000E+00 0.00000E+00 0.00000E+00 0.00000E+00 0.00000E+00 0.00000E+00 0.00000E+00 0.00000E+00 0.00000E+00 0.00000E+00 0.00000E+00 0.00000E+00 0.00000E+00 0.00000E+00 0.00000E+00 0.00000E+00 0.00000E+00 0.00000E+00 0.00000E+00 0.00000E+00 0.00000E+00 0.00000E+00 0.00000E+00 0.00000E+00 0.00000E+00 0.00000E+00 0.00000E+00 0.00000E+00 0.00000E+00 0.00000E+00 0.00000E+00 % lost data
1.15956E+12 6.25588E+19 7.06007E+19 9.37238E+19 1.05074E+20 1.16720E+20 1.24911E+20 1.22127E+20 1.19904E+20 1.18427E+20 1.17015E+20 1.16309E+20 1.15576E+20 1.15052E+20 1.14617E+20 1.14085E+20 1.14021E+20 1.14023E+20 1.13266E+20 1.13157E+20 1.12968E+20 1.12689E+20 1.11999E+20 1.12111E+20 1.11861E+20 1.11861E+20 1.11541E+20 1.11590E+20 1.18571E+20 1.16661E+20 1.15243E+20 1.14424E+20 1.12905E+20 1.12313E+20 1.11813E+20 1.10811E+20 1.10433E+20 1.10030E+20 1.09688E+20 1.09427E+20 1.08791E+20 1.08160E+20 1.08753E+20 1.07666E+20 1.07719E+20 1.07062E+20 1.06775E+20 1.06962E+20 1.07228E+20 1.06188E+20 1.06754E+20 1.06040E+20 1.06009E+20 1.06039E+20 1.06252E+20 1.06287E+20 1.05687E+20 1.05416E+20 1.05270E+20 1.05190E+20 1.05389E+20 1.05522E+20 1.05542E+20 1.04831E+20 1.05098E+20 1.05466E+20 1.05559E+20 1.05174E+20 1.05276E+20 1.04869E+20 1.05241E+20 1.04651E+20 % total
];

