
ZAI = [
666
0
];

NAMES = [
'lost            '
'total           '
];

iLOST    = 1;
iTOT     = 2;

MAT_fuelsalt_VOLUME = [ 1.36700E+07 1.36700E+07 1.36700E+07 1.36700E+07 1.36700E+07 1.36700E+07 1.36700E+07 1.36700E+07 1.36700E+07 1.36700E+07 1.36700E+07 1.36700E+07 1.36700E+07 1.36700E+07 1.36700E+07 1.36700E+07 1.36700E+07 1.36700E+07 1.36700E+07 1.36700E+07 1.36700E+07 1.36700E+07 1.36700E+07 1.36700E+07 1.36700E+07 1.36700E+07 1.36700E+07 1.36700E+07 1.36700E+07 1.36700E+07 1.36700E+07 1.36700E+07 1.36700E+07 1.36700E+07 1.36700E+07 1.36700E+07 1.36700E+07 1.36700E+07 1.36700E+07 1.36700E+07 1.36700E+07 1.36700E+07 1.36700E+07 1.36700E+07 1.36700E+07 1.36700E+07 1.36700E+07 1.36700E+07 1.36700E+07 1.36700E+07 1.36700E+07 1.36700E+07 1.36700E+07 1.36700E+07 1.36700E+07 1.36700E+07 1.36700E+07 1.36700E+07 1.36700E+07 1.36700E+07 1.36700E+07 1.36700E+07 1.36700E+07 1.36700E+07 1.36700E+07 1.36700E+07 1.36700E+07 1.36700E+07 1.36700E+07 1.36700E+07 1.36700E+07 1.36700E+07 ];

MAT_fuelsalt_BURNUP = [ 0.00000E+00 0.00000E+00 0.00000E+00 0.00000E+00 0.00000E+00 0.00000E+00 0.00000E+00 0.00000E+00 0.00000E+00 0.00000E+00 0.00000E+00 0.00000E+00 0.00000E+00 0.00000E+00 0.00000E+00 0.00000E+00 0.00000E+00 0.00000E+00 0.00000E+00 0.00000E+00 0.00000E+00 0.00000E+00 0.00000E+00 0.00000E+00 0.00000E+00 0.00000E+00 0.00000E+00 0.00000E+00 0.00000E+00 0.00000E+00 0.00000E+00 0.00000E+00 0.00000E+00 0.00000E+00 0.00000E+00 0.00000E+00 0.00000E+00 0.00000E+00 0.00000E+00 0.00000E+00 0.00000E+00 0.00000E+00 0.00000E+00 0.00000E+00 0.00000E+00 0.00000E+00 0.00000E+00 0.00000E+00 0.00000E+00 0.00000E+00 0.00000E+00 0.00000E+00 0.00000E+00 0.00000E+00 0.00000E+00 0.00000E+00 0.00000E+00 0.00000E+00 0.00000E+00 0.00000E+00 0.00000E+00 0.00000E+00 0.00000E+00 0.00000E+00 0.00000E+00 0.00000E+00 0.00000E+00 0.00000E+00 0.00000E+00 0.00000E+00 0.00000E+00 0.00000E+00 ];

MAT_fuelsalt_ADENS = [
0.00000E+00 5.10760E-17 1.02367E-16 2.47857E-15 7.38982E-15 1.72555E-14 3.43622E-14 5.14074E-14 6.81148E-14 8.46791E-14 1.01040E-13 1.17176E-13 1.33280E-13 1.49207E-13 1.64927E-13 1.80588E-13 1.96213E-13 2.11645E-13 2.27091E-13 2.42359E-13 2.57552E-13 2.72616E-13 2.87605E-13 3.02574E-13 3.17466E-13 3.32242E-13 3.46981E-13 3.61690E-13 4.24653E-13 4.86960E-13 5.48050E-13 6.08791E-13 6.69676E-13 7.29773E-13 7.89581E-13 8.48962E-13 9.08267E-13 9.67180E-13 1.02594E-12 1.08451E-12 1.14279E-12 1.20110E-12 1.25976E-12 1.31812E-12 1.37655E-12 1.43465E-12 1.49252E-12 1.55124E-12 1.60963E-12 1.66749E-12 1.72540E-12 1.78308E-12 1.84114E-12 1.89903E-12 1.95647E-12 2.01416E-12 2.07188E-12 2.13021E-12 2.18789E-12 2.24606E-12 2.30381E-12 2.36205E-12 2.42039E-12 2.47803E-12 2.53567E-12 2.59284E-12 2.65070E-12 2.70866E-12 2.76668E-12 2.82467E-12 2.88229E-12 2.94012E-12 % lost data
6.51224E-02 6.51224E-02 6.51224E-02 6.51224E-02 6.51225E-02 6.51227E-02 6.51230E-02 6.51232E-02 6.51235E-02 6.51238E-02 6.51241E-02 6.51243E-02 6.51246E-02 6.51249E-02 6.51251E-02 6.51254E-02 6.51257E-02 6.51259E-02 6.51262E-02 6.51265E-02 6.51267E-02 6.51270E-02 6.51273E-02 6.51275E-02 6.51278E-02 6.51280E-02 6.51283E-02 6.51286E-02 6.51297E-02 6.51308E-02 6.51318E-02 6.51329E-02 6.51339E-02 6.51350E-02 6.51360E-02 6.51370E-02 6.51379E-02 6.51389E-02 6.51398E-02 6.51408E-02 6.51417E-02 6.51426E-02 6.51434E-02 6.51443E-02 6.51451E-02 6.51460E-02 6.51468E-02 6.51476E-02 6.51484E-02 6.51491E-02 6.51499E-02 6.51506E-02 6.51514E-02 6.51521E-02 6.51528E-02 6.51535E-02 6.51542E-02 6.51548E-02 6.51555E-02 6.51561E-02 6.51568E-02 6.51574E-02 6.51580E-02 6.51586E-02 6.51592E-02 6.51598E-02 6.51603E-02 6.51609E-02 6.51614E-02 6.51620E-02 6.51625E-02 6.51630E-02 % total
];

MAT_fuelsalt_MDENS = [
0.00000E+00 0.00000E+00 0.00000E+00 0.00000E+00 0.00000E+00 0.00000E+00 0.00000E+00 0.00000E+00 0.00000E+00 0.00000E+00 0.00000E+00 0.00000E+00 0.00000E+00 0.00000E+00 0.00000E+00 0.00000E+00 0.00000E+00 0.00000E+00 0.00000E+00 0.00000E+00 0.00000E+00 0.00000E+00 0.00000E+00 0.00000E+00 0.00000E+00 0.00000E+00 0.00000E+00 0.00000E+00 0.00000E+00 0.00000E+00 0.00000E+00 0.00000E+00 0.00000E+00 0.00000E+00 0.00000E+00 0.00000E+00 0.00000E+00 0.00000E+00 0.00000E+00 0.00000E+00 0.00000E+00 0.00000E+00 0.00000E+00 0.00000E+00 0.00000E+00 0.00000E+00 0.00000E+00 0.00000E+00 0.00000E+00 0.00000E+00 0.00000E+00 0.00000E+00 0.00000E+00 0.00000E+00 0.00000E+00 0.00000E+00 0.00000E+00 0.00000E+00 0.00000E+00 0.00000E+00 0.00000E+00 0.00000E+00 0.00000E+00 0.00000E+00 0.00000E+00 0.00000E+00 0.00000E+00 0.00000E+00 0.00000E+00 0.00000E+00 0.00000E+00 0.00000E+00 % lost data
3.28019E+00 3.28019E+00 3.28019E+00 3.28018E+00 3.28015E+00 3.28009E+00 3.27999E+00 3.27989E+00 3.27979E+00 3.27968E+00 3.27958E+00 3.27948E+00 3.27938E+00 3.27928E+00 3.27918E+00 3.27908E+00 3.27898E+00 3.27889E+00 3.27879E+00 3.27869E+00 3.27860E+00 3.27850E+00 3.27840E+00 3.27831E+00 3.27821E+00 3.27812E+00 3.27803E+00 3.27793E+00 3.27754E+00 3.27715E+00 3.27677E+00 3.27639E+00 3.27603E+00 3.27567E+00 3.27532E+00 3.27497E+00 3.27464E+00 3.27431E+00 3.27398E+00 3.27366E+00 3.27335E+00 3.27305E+00 3.27275E+00 3.27245E+00 3.27217E+00 3.27188E+00 3.27160E+00 3.27133E+00 3.27107E+00 3.27080E+00 3.27055E+00 3.27029E+00 3.27005E+00 3.26980E+00 3.26957E+00 3.26933E+00 3.26910E+00 3.26888E+00 3.26866E+00 3.26844E+00 3.26823E+00 3.26802E+00 3.26781E+00 3.26761E+00 3.26741E+00 3.26722E+00 3.26703E+00 3.26684E+00 3.26666E+00 3.26648E+00 3.26630E+00 3.26613E+00 % total
];

MAT_fuelsalt_A = [
0.00000E+00 0.00000E+00 0.00000E+00 0.00000E+00 0.00000E+00 0.00000E+00 0.00000E+00 0.00000E+00 0.00000E+00 0.00000E+00 0.00000E+00 0.00000E+00 0.00000E+00 0.00000E+00 0.00000E+00 0.00000E+00 0.00000E+00 0.00000E+00 0.00000E+00 0.00000E+00 0.00000E+00 0.00000E+00 0.00000E+00 0.00000E+00 0.00000E+00 0.00000E+00 0.00000E+00 0.00000E+00 0.00000E+00 0.00000E+00 0.00000E+00 0.00000E+00 0.00000E+00 0.00000E+00 0.00000E+00 0.00000E+00 0.00000E+00 0.00000E+00 0.00000E+00 0.00000E+00 0.00000E+00 0.00000E+00 0.00000E+00 0.00000E+00 0.00000E+00 0.00000E+00 0.00000E+00 0.00000E+00 0.00000E+00 0.00000E+00 0.00000E+00 0.00000E+00 0.00000E+00 0.00000E+00 0.00000E+00 0.00000E+00 0.00000E+00 0.00000E+00 0.00000E+00 0.00000E+00 0.00000E+00 0.00000E+00 0.00000E+00 0.00000E+00 0.00000E+00 0.00000E+00 0.00000E+00 0.00000E+00 0.00000E+00 0.00000E+00 0.00000E+00 0.00000E+00 % lost data
1.31843E+12 6.33988E+19 7.09546E+19 9.29197E+19 1.02353E+20 1.09467E+20 1.13194E+20 1.14485E+20 1.14481E+20 1.14922E+20 1.15260E+20 1.15302E+20 1.15348E+20 1.15267E+20 1.15388E+20 1.15280E+20 1.15377E+20 1.15252E+20 1.15196E+20 1.15170E+20 1.15065E+20 1.15188E+20 1.15245E+20 1.15360E+20 1.15104E+20 1.14971E+20 1.14845E+20 1.14956E+20 1.16994E+20 1.16850E+20 1.16448E+20 1.16276E+20 1.15844E+20 1.16151E+20 1.15627E+20 1.15473E+20 1.15198E+20 1.14914E+20 1.14764E+20 1.14714E+20 1.14449E+20 1.14434E+20 1.14408E+20 1.14318E+20 1.14192E+20 1.14529E+20 1.14173E+20 1.14142E+20 1.14159E+20 1.14038E+20 1.13918E+20 1.13757E+20 1.13834E+20 1.13537E+20 1.13473E+20 1.13341E+20 1.13366E+20 1.13208E+20 1.13182E+20 1.13466E+20 1.13150E+20 1.13209E+20 1.13013E+20 1.13192E+20 1.12837E+20 1.13284E+20 1.12996E+20 1.12711E+20 1.12955E+20 1.12790E+20 1.13106E+20 1.12704E+20 % total
];

