
ZAI = [
666
0
];

NAMES = [
'lost            '
'total           '
];

iLOST    = 1;
iTOT     = 2;

MAT_fuelsalt_VOLUME = [ 1.36700E+07 1.36700E+07 1.36700E+07 1.36700E+07 1.36700E+07 1.36700E+07 1.36700E+07 1.36700E+07 1.36700E+07 1.36700E+07 1.36700E+07 1.36700E+07 1.36700E+07 1.36700E+07 1.36700E+07 1.36700E+07 1.36700E+07 1.36700E+07 1.36700E+07 1.36700E+07 1.36700E+07 1.36700E+07 1.36700E+07 1.36700E+07 1.36700E+07 1.36700E+07 1.36700E+07 1.36700E+07 1.36700E+07 1.36700E+07 1.36700E+07 1.36700E+07 1.36700E+07 1.36700E+07 1.36700E+07 1.36700E+07 1.36700E+07 1.36700E+07 1.36700E+07 1.36700E+07 1.36700E+07 1.36700E+07 1.36700E+07 1.36700E+07 1.36700E+07 1.36700E+07 1.36700E+07 1.36700E+07 1.36700E+07 1.36700E+07 1.36700E+07 1.36700E+07 1.36700E+07 1.36700E+07 1.36700E+07 1.36700E+07 1.36700E+07 1.36700E+07 1.36700E+07 1.36700E+07 1.36700E+07 1.36700E+07 1.36700E+07 1.36700E+07 1.36700E+07 1.36700E+07 1.36700E+07 1.36700E+07 1.36700E+07 1.36700E+07 1.36700E+07 1.36700E+07 ];

MAT_fuelsalt_BURNUP = [ 0.00000E+00 0.00000E+00 0.00000E+00 0.00000E+00 0.00000E+00 0.00000E+00 0.00000E+00 0.00000E+00 0.00000E+00 0.00000E+00 0.00000E+00 0.00000E+00 0.00000E+00 0.00000E+00 0.00000E+00 0.00000E+00 0.00000E+00 0.00000E+00 0.00000E+00 0.00000E+00 0.00000E+00 0.00000E+00 0.00000E+00 0.00000E+00 0.00000E+00 0.00000E+00 0.00000E+00 0.00000E+00 0.00000E+00 0.00000E+00 0.00000E+00 0.00000E+00 0.00000E+00 0.00000E+00 0.00000E+00 0.00000E+00 0.00000E+00 0.00000E+00 0.00000E+00 0.00000E+00 0.00000E+00 0.00000E+00 0.00000E+00 0.00000E+00 0.00000E+00 0.00000E+00 0.00000E+00 0.00000E+00 0.00000E+00 0.00000E+00 0.00000E+00 0.00000E+00 0.00000E+00 0.00000E+00 0.00000E+00 0.00000E+00 0.00000E+00 0.00000E+00 0.00000E+00 0.00000E+00 0.00000E+00 0.00000E+00 0.00000E+00 0.00000E+00 0.00000E+00 0.00000E+00 0.00000E+00 0.00000E+00 0.00000E+00 0.00000E+00 0.00000E+00 0.00000E+00 ];

MAT_fuelsalt_ADENS = [
0.00000E+00 5.40602E-17 1.08054E-16 2.57642E-15 7.75417E-15 1.81739E-14 3.62090E-14 5.39190E-14 7.13536E-14 8.85919E-14 1.05499E-13 1.22223E-13 1.38867E-13 1.55305E-13 1.71503E-13 1.87503E-13 2.03540E-13 2.19292E-13 2.34985E-13 2.50669E-13 2.66307E-13 2.81713E-13 2.96925E-13 3.12302E-13 3.27474E-13 3.42757E-13 3.57944E-13 3.73019E-13 4.37102E-13 5.00665E-13 5.62874E-13 6.25178E-13 6.87484E-13 7.49221E-13 8.10845E-13 8.72182E-13 9.33156E-13 9.94049E-13 1.05456E-12 1.11553E-12 1.17535E-12 1.23527E-12 1.29534E-12 1.35545E-12 1.41545E-12 1.47567E-12 1.53590E-12 1.59593E-12 1.65613E-12 1.71567E-12 1.77573E-12 1.83560E-12 1.89578E-12 1.95592E-12 2.01637E-12 2.07628E-12 2.13593E-12 2.19572E-12 2.25583E-12 2.31517E-12 2.37542E-12 2.43537E-12 2.49539E-12 2.55533E-12 2.61472E-12 2.67431E-12 2.73422E-12 2.79427E-12 2.85414E-12 2.91492E-12 2.97436E-12 3.03486E-12 % lost data
7.97438E-02 7.97438E-02 7.97438E-02 7.97438E-02 7.97439E-02 7.97441E-02 7.97443E-02 7.97446E-02 7.97448E-02 7.97451E-02 7.97454E-02 7.97456E-02 7.97459E-02 7.97461E-02 7.97464E-02 7.97467E-02 7.97469E-02 7.97472E-02 7.97474E-02 7.97477E-02 7.97480E-02 7.97482E-02 7.97485E-02 7.97488E-02 7.97490E-02 7.97493E-02 7.97495E-02 7.97498E-02 7.97510E-02 7.97521E-02 7.97533E-02 7.97544E-02 7.97555E-02 7.97567E-02 7.97578E-02 7.97589E-02 7.97600E-02 7.97612E-02 7.97623E-02 7.97634E-02 7.97645E-02 7.97656E-02 7.97666E-02 7.97677E-02 7.97688E-02 7.97699E-02 7.97709E-02 7.97720E-02 7.97730E-02 7.97741E-02 7.97751E-02 7.97762E-02 7.97772E-02 7.97782E-02 7.97792E-02 7.97802E-02 7.97812E-02 7.97822E-02 7.97832E-02 7.97842E-02 7.97852E-02 7.97862E-02 7.97871E-02 7.97881E-02 7.97890E-02 7.97900E-02 7.97909E-02 7.97919E-02 7.97928E-02 7.97937E-02 7.97947E-02 7.97956E-02 % total
];

MAT_fuelsalt_MDENS = [
0.00000E+00 0.00000E+00 0.00000E+00 0.00000E+00 0.00000E+00 0.00000E+00 0.00000E+00 0.00000E+00 0.00000E+00 0.00000E+00 0.00000E+00 0.00000E+00 0.00000E+00 0.00000E+00 0.00000E+00 0.00000E+00 0.00000E+00 0.00000E+00 0.00000E+00 0.00000E+00 0.00000E+00 0.00000E+00 0.00000E+00 0.00000E+00 0.00000E+00 0.00000E+00 0.00000E+00 0.00000E+00 0.00000E+00 0.00000E+00 0.00000E+00 0.00000E+00 0.00000E+00 0.00000E+00 0.00000E+00 0.00000E+00 0.00000E+00 0.00000E+00 0.00000E+00 0.00000E+00 0.00000E+00 0.00000E+00 0.00000E+00 0.00000E+00 0.00000E+00 0.00000E+00 0.00000E+00 0.00000E+00 0.00000E+00 0.00000E+00 0.00000E+00 0.00000E+00 0.00000E+00 0.00000E+00 0.00000E+00 0.00000E+00 0.00000E+00 0.00000E+00 0.00000E+00 0.00000E+00 0.00000E+00 0.00000E+00 0.00000E+00 0.00000E+00 0.00000E+00 0.00000E+00 0.00000E+00 0.00000E+00 0.00000E+00 0.00000E+00 0.00000E+00 0.00000E+00 % lost data
3.35931E+00 3.35931E+00 3.35931E+00 3.35930E+00 3.35927E+00 3.35922E+00 3.35911E+00 3.35901E+00 3.35890E+00 3.35880E+00 3.35869E+00 3.35859E+00 3.35849E+00 3.35838E+00 3.35828E+00 3.35818E+00 3.35808E+00 3.35798E+00 3.35787E+00 3.35777E+00 3.35767E+00 3.35757E+00 3.35747E+00 3.35737E+00 3.35727E+00 3.35717E+00 3.35707E+00 3.35697E+00 3.35654E+00 3.35612E+00 3.35569E+00 3.35528E+00 3.35486E+00 3.35445E+00 3.35404E+00 3.35364E+00 3.35324E+00 3.35284E+00 3.35245E+00 3.35206E+00 3.35167E+00 3.35128E+00 3.35090E+00 3.35052E+00 3.35014E+00 3.34977E+00 3.34939E+00 3.34902E+00 3.34866E+00 3.34829E+00 3.34793E+00 3.34757E+00 3.34721E+00 3.34686E+00 3.34651E+00 3.34616E+00 3.34581E+00 3.34546E+00 3.34512E+00 3.34478E+00 3.34444E+00 3.34410E+00 3.34377E+00 3.34344E+00 3.34311E+00 3.34278E+00 3.34245E+00 3.34213E+00 3.34181E+00 3.34149E+00 3.34117E+00 3.34086E+00 % total
];

MAT_fuelsalt_A = [
0.00000E+00 0.00000E+00 0.00000E+00 0.00000E+00 0.00000E+00 0.00000E+00 0.00000E+00 0.00000E+00 0.00000E+00 0.00000E+00 0.00000E+00 0.00000E+00 0.00000E+00 0.00000E+00 0.00000E+00 0.00000E+00 0.00000E+00 0.00000E+00 0.00000E+00 0.00000E+00 0.00000E+00 0.00000E+00 0.00000E+00 0.00000E+00 0.00000E+00 0.00000E+00 0.00000E+00 0.00000E+00 0.00000E+00 0.00000E+00 0.00000E+00 0.00000E+00 0.00000E+00 0.00000E+00 0.00000E+00 0.00000E+00 0.00000E+00 0.00000E+00 0.00000E+00 0.00000E+00 0.00000E+00 0.00000E+00 0.00000E+00 0.00000E+00 0.00000E+00 0.00000E+00 0.00000E+00 0.00000E+00 0.00000E+00 0.00000E+00 0.00000E+00 0.00000E+00 0.00000E+00 0.00000E+00 0.00000E+00 0.00000E+00 0.00000E+00 0.00000E+00 0.00000E+00 0.00000E+00 0.00000E+00 0.00000E+00 0.00000E+00 0.00000E+00 0.00000E+00 0.00000E+00 0.00000E+00 0.00000E+00 0.00000E+00 0.00000E+00 0.00000E+00 0.00000E+00 % lost data
1.15956E+12 6.25599E+19 7.06411E+19 9.12238E+19 1.00560E+20 1.08363E+20 1.12827E+20 1.13605E+20 1.14070E+20 1.14233E+20 1.14233E+20 1.14221E+20 1.14867E+20 1.14317E+20 1.14247E+20 1.14499E+20 1.14445E+20 1.14370E+20 1.14117E+20 1.14401E+20 1.14374E+20 1.14122E+20 1.14208E+20 1.14141E+20 1.13856E+20 1.14221E+20 1.13938E+20 1.13835E+20 1.16802E+20 1.16965E+20 1.16408E+20 1.16367E+20 1.15739E+20 1.15642E+20 1.15645E+20 1.16024E+20 1.15111E+20 1.14822E+20 1.14784E+20 1.14627E+20 1.14766E+20 1.14590E+20 1.14334E+20 1.14310E+20 1.14184E+20 1.14373E+20 1.14144E+20 1.14319E+20 1.13878E+20 1.13757E+20 1.13872E+20 1.13761E+20 1.13540E+20 1.13437E+20 1.13459E+20 1.13454E+20 1.13641E+20 1.13322E+20 1.13192E+20 1.13343E+20 1.13114E+20 1.13178E+20 1.13141E+20 1.13092E+20 1.12915E+20 1.13197E+20 1.12583E+20 1.12846E+20 1.12695E+20 1.12742E+20 1.12600E+20 1.12831E+20 % total
];

