
ZAI = [
666
0
];

NAMES = [
'lost            '
'total           '
];

iLOST    = 1;
iTOT     = 2;

MAT_fuelsalt_VOLUME = [ 1.36700E+07 1.36700E+07 1.36700E+07 1.36700E+07 1.36700E+07 1.36700E+07 1.36700E+07 1.36700E+07 1.36700E+07 1.36700E+07 1.36700E+07 1.36700E+07 1.36700E+07 1.36700E+07 1.36700E+07 1.36700E+07 1.36700E+07 1.36700E+07 1.36700E+07 1.36700E+07 1.36700E+07 1.36700E+07 1.36700E+07 1.36700E+07 1.36700E+07 1.36700E+07 1.36700E+07 1.36700E+07 1.36700E+07 1.36700E+07 1.36700E+07 1.36700E+07 1.36700E+07 1.36700E+07 1.36700E+07 1.36700E+07 1.36700E+07 1.36700E+07 1.36700E+07 1.36700E+07 1.36700E+07 1.36700E+07 1.36700E+07 1.36700E+07 1.36700E+07 1.36700E+07 1.36700E+07 1.36700E+07 1.36700E+07 1.36700E+07 1.36700E+07 1.36700E+07 1.36700E+07 1.36700E+07 1.36700E+07 1.36700E+07 1.36700E+07 1.36700E+07 1.36700E+07 1.36700E+07 1.36700E+07 1.36700E+07 1.36700E+07 1.36700E+07 1.36700E+07 1.36700E+07 1.36700E+07 1.36700E+07 1.36700E+07 1.36700E+07 1.36700E+07 1.36700E+07 ];

MAT_fuelsalt_BURNUP = [ 0.00000E+00 0.00000E+00 0.00000E+00 0.00000E+00 0.00000E+00 0.00000E+00 0.00000E+00 0.00000E+00 0.00000E+00 0.00000E+00 0.00000E+00 0.00000E+00 0.00000E+00 0.00000E+00 0.00000E+00 0.00000E+00 0.00000E+00 0.00000E+00 0.00000E+00 0.00000E+00 0.00000E+00 0.00000E+00 0.00000E+00 0.00000E+00 0.00000E+00 0.00000E+00 0.00000E+00 0.00000E+00 0.00000E+00 0.00000E+00 0.00000E+00 0.00000E+00 0.00000E+00 0.00000E+00 0.00000E+00 0.00000E+00 0.00000E+00 0.00000E+00 0.00000E+00 0.00000E+00 0.00000E+00 0.00000E+00 0.00000E+00 0.00000E+00 0.00000E+00 0.00000E+00 0.00000E+00 0.00000E+00 0.00000E+00 0.00000E+00 0.00000E+00 0.00000E+00 0.00000E+00 0.00000E+00 0.00000E+00 0.00000E+00 0.00000E+00 0.00000E+00 0.00000E+00 0.00000E+00 0.00000E+00 0.00000E+00 0.00000E+00 0.00000E+00 0.00000E+00 0.00000E+00 0.00000E+00 0.00000E+00 0.00000E+00 0.00000E+00 0.00000E+00 0.00000E+00 ];

MAT_fuelsalt_ADENS = [
0.00000E+00 5.40714E-17 1.08089E-16 2.59244E-15 7.67753E-15 1.74677E-14 3.34560E-14 4.83144E-14 6.29567E-14 7.71632E-14 9.14130E-14 1.05518E-13 1.19889E-13 1.34543E-13 1.49007E-13 1.63441E-13 1.78390E-13 1.93235E-13 2.08550E-13 2.23922E-13 2.39781E-13 2.55480E-13 2.71424E-13 2.87334E-13 3.03423E-13 3.19780E-13 3.35803E-13 3.52244E-13 4.24132E-13 4.99243E-13 5.74031E-13 6.49856E-13 7.27210E-13 8.04932E-13 8.85210E-13 9.66261E-13 1.04768E-12 1.12961E-12 1.21077E-12 1.29304E-12 1.37668E-12 1.45960E-12 1.54253E-12 1.62777E-12 1.71125E-12 1.79473E-12 1.87806E-12 1.96304E-12 2.04739E-12 2.13189E-12 2.21649E-12 2.30156E-12 2.38533E-12 2.47055E-12 2.55590E-12 2.64085E-12 2.72545E-12 2.81084E-12 2.89560E-12 2.98110E-12 3.06512E-12 3.15006E-12 3.23509E-12 3.32121E-12 3.40727E-12 3.49348E-12 3.57815E-12 3.66295E-12 3.74847E-12 3.83412E-12 3.92005E-12 4.00513E-12 % lost data
7.97438E-02 7.97438E-02 7.97439E-02 7.97460E-02 7.97503E-02 7.97590E-02 7.97740E-02 7.97886E-02 7.98029E-02 7.98169E-02 7.98306E-02 7.98440E-02 7.98571E-02 7.98700E-02 7.98826E-02 7.98949E-02 7.99070E-02 7.99188E-02 7.99304E-02 7.99417E-02 7.99528E-02 7.99637E-02 7.99743E-02 7.99847E-02 7.99949E-02 8.00049E-02 8.00147E-02 8.00243E-02 8.00631E-02 8.00986E-02 8.01310E-02 8.01606E-02 8.01876E-02 8.02123E-02 8.02348E-02 8.02554E-02 8.02742E-02 8.02913E-02 8.03070E-02 8.03213E-02 8.03344E-02 8.03464E-02 8.03573E-02 8.03672E-02 8.03763E-02 8.03846E-02 8.03922E-02 8.03992E-02 8.04055E-02 8.04113E-02 8.04166E-02 8.04214E-02 8.04258E-02 8.04298E-02 8.04335E-02 8.04369E-02 8.04399E-02 8.04427E-02 8.04453E-02 8.04476E-02 8.04498E-02 8.04517E-02 8.04535E-02 8.04551E-02 8.04566E-02 8.04580E-02 8.04592E-02 8.04603E-02 8.04614E-02 8.04623E-02 8.04632E-02 8.04640E-02 % total
];

MAT_fuelsalt_MDENS = [
0.00000E+00 0.00000E+00 0.00000E+00 0.00000E+00 0.00000E+00 0.00000E+00 0.00000E+00 0.00000E+00 0.00000E+00 0.00000E+00 0.00000E+00 0.00000E+00 0.00000E+00 0.00000E+00 0.00000E+00 0.00000E+00 0.00000E+00 0.00000E+00 0.00000E+00 0.00000E+00 0.00000E+00 0.00000E+00 0.00000E+00 0.00000E+00 0.00000E+00 0.00000E+00 0.00000E+00 0.00000E+00 0.00000E+00 0.00000E+00 0.00000E+00 0.00000E+00 0.00000E+00 0.00000E+00 0.00000E+00 0.00000E+00 0.00000E+00 0.00000E+00 0.00000E+00 0.00000E+00 0.00000E+00 0.00000E+00 0.00000E+00 0.00000E+00 0.00000E+00 0.00000E+00 0.00000E+00 0.00000E+00 0.00000E+00 0.00000E+00 0.00000E+00 0.00000E+00 0.00000E+00 0.00000E+00 0.00000E+00 0.00000E+00 0.00000E+00 0.00000E+00 0.00000E+00 0.00000E+00 0.00000E+00 0.00000E+00 0.00000E+00 0.00000E+00 0.00000E+00 0.00000E+00 0.00000E+00 0.00000E+00 0.00000E+00 0.00000E+00 0.00000E+00 0.00000E+00 % lost data
3.35931E+00 3.35931E+00 3.35932E+00 3.35942E+00 3.35963E+00 3.36004E+00 3.36074E+00 3.36143E+00 3.36211E+00 3.36277E+00 3.36342E+00 3.36406E+00 3.36469E+00 3.36530E+00 3.36591E+00 3.36650E+00 3.36707E+00 3.36764E+00 3.36820E+00 3.36874E+00 3.36927E+00 3.36979E+00 3.37030E+00 3.37080E+00 3.37129E+00 3.37177E+00 3.37224E+00 3.37270E+00 3.37455E+00 3.37625E+00 3.37779E+00 3.37921E+00 3.38051E+00 3.38169E+00 3.38278E+00 3.38377E+00 3.38468E+00 3.38551E+00 3.38626E+00 3.38696E+00 3.38759E+00 3.38817E+00 3.38870E+00 3.38918E+00 3.38962E+00 3.39002E+00 3.39039E+00 3.39073E+00 3.39104E+00 3.39132E+00 3.39158E+00 3.39181E+00 3.39203E+00 3.39222E+00 3.39240E+00 3.39257E+00 3.39272E+00 3.39285E+00 3.39298E+00 3.39309E+00 3.39320E+00 3.39329E+00 3.39338E+00 3.39346E+00 3.39353E+00 3.39360E+00 3.39366E+00 3.39371E+00 3.39376E+00 3.39381E+00 3.39385E+00 3.39389E+00 % total
];

MAT_fuelsalt_A = [
0.00000E+00 0.00000E+00 0.00000E+00 0.00000E+00 0.00000E+00 0.00000E+00 0.00000E+00 0.00000E+00 0.00000E+00 0.00000E+00 0.00000E+00 0.00000E+00 0.00000E+00 0.00000E+00 0.00000E+00 0.00000E+00 0.00000E+00 0.00000E+00 0.00000E+00 0.00000E+00 0.00000E+00 0.00000E+00 0.00000E+00 0.00000E+00 0.00000E+00 0.00000E+00 0.00000E+00 0.00000E+00 0.00000E+00 0.00000E+00 0.00000E+00 0.00000E+00 0.00000E+00 0.00000E+00 0.00000E+00 0.00000E+00 0.00000E+00 0.00000E+00 0.00000E+00 0.00000E+00 0.00000E+00 0.00000E+00 0.00000E+00 0.00000E+00 0.00000E+00 0.00000E+00 0.00000E+00 0.00000E+00 0.00000E+00 0.00000E+00 0.00000E+00 0.00000E+00 0.00000E+00 0.00000E+00 0.00000E+00 0.00000E+00 0.00000E+00 0.00000E+00 0.00000E+00 0.00000E+00 0.00000E+00 0.00000E+00 0.00000E+00 0.00000E+00 0.00000E+00 0.00000E+00 0.00000E+00 0.00000E+00 0.00000E+00 0.00000E+00 0.00000E+00 0.00000E+00 % lost data
1.15956E+12 6.25800E+19 7.06689E+19 9.52043E+19 1.08145E+20 1.21673E+20 1.30807E+20 1.25663E+20 1.22016E+20 1.19712E+20 1.18602E+20 1.17802E+20 1.16515E+20 1.15054E+20 1.15203E+20 1.14444E+20 1.13957E+20 1.13603E+20 1.12893E+20 1.13322E+20 1.11924E+20 1.11885E+20 1.11560E+20 1.11973E+20 1.11368E+20 1.11157E+20 1.11099E+20 1.10495E+20 1.17667E+20 1.15133E+20 1.13715E+20 1.12646E+20 1.11537E+20 1.11104E+20 1.09974E+20 1.09762E+20 1.08917E+20 1.08430E+20 1.08019E+20 1.07408E+20 1.07232E+20 1.06776E+20 1.06471E+20 1.06246E+20 1.06827E+20 1.06543E+20 1.06343E+20 1.05784E+20 1.06026E+20 1.05984E+20 1.05588E+20 1.05595E+20 1.05747E+20 1.05643E+20 1.05340E+20 1.05634E+20 1.05594E+20 1.05071E+20 1.04912E+20 1.04991E+20 1.05668E+20 1.05346E+20 1.04800E+20 1.04968E+20 1.05366E+20 1.04752E+20 1.04791E+20 1.05180E+20 1.04882E+20 1.05186E+20 1.05592E+20 1.04750E+20 % total
];

