
ZAI = [
666
0
];

NAMES = [
'lost            '
'total           '
];

iLOST    = 1;
iTOT     = 2;

MAT_fuelsalt_VOLUME = [ 1.36700E+07 1.36700E+07 1.36700E+07 1.36700E+07 1.36700E+07 1.36700E+07 1.36700E+07 1.36700E+07 1.36700E+07 1.36700E+07 1.36700E+07 1.36700E+07 1.36700E+07 1.36700E+07 1.36700E+07 1.36700E+07 1.36700E+07 1.36700E+07 1.36700E+07 1.36700E+07 1.36700E+07 1.36700E+07 1.36700E+07 1.36700E+07 1.36700E+07 1.36700E+07 1.36700E+07 1.36700E+07 1.36700E+07 1.36700E+07 1.36700E+07 1.36700E+07 1.36700E+07 1.36700E+07 1.36700E+07 1.36700E+07 1.36700E+07 1.36700E+07 1.36700E+07 1.36700E+07 1.36700E+07 1.36700E+07 1.36700E+07 1.36700E+07 1.36700E+07 1.36700E+07 1.36700E+07 1.36700E+07 1.36700E+07 1.36700E+07 1.36700E+07 1.36700E+07 1.36700E+07 1.36700E+07 1.36700E+07 1.36700E+07 1.36700E+07 1.36700E+07 1.36700E+07 1.36700E+07 1.36700E+07 1.36700E+07 1.36700E+07 1.36700E+07 1.36700E+07 1.36700E+07 1.36700E+07 1.36700E+07 1.36700E+07 1.36700E+07 1.36700E+07 1.36700E+07 ];

MAT_fuelsalt_BURNUP = [ 0.00000E+00 0.00000E+00 0.00000E+00 0.00000E+00 0.00000E+00 0.00000E+00 0.00000E+00 0.00000E+00 0.00000E+00 0.00000E+00 0.00000E+00 0.00000E+00 0.00000E+00 0.00000E+00 0.00000E+00 0.00000E+00 0.00000E+00 0.00000E+00 0.00000E+00 0.00000E+00 0.00000E+00 0.00000E+00 0.00000E+00 0.00000E+00 0.00000E+00 0.00000E+00 0.00000E+00 0.00000E+00 0.00000E+00 0.00000E+00 0.00000E+00 0.00000E+00 0.00000E+00 0.00000E+00 0.00000E+00 0.00000E+00 0.00000E+00 0.00000E+00 0.00000E+00 0.00000E+00 0.00000E+00 0.00000E+00 0.00000E+00 0.00000E+00 0.00000E+00 0.00000E+00 0.00000E+00 0.00000E+00 0.00000E+00 0.00000E+00 0.00000E+00 0.00000E+00 0.00000E+00 0.00000E+00 0.00000E+00 0.00000E+00 0.00000E+00 0.00000E+00 0.00000E+00 0.00000E+00 0.00000E+00 0.00000E+00 0.00000E+00 0.00000E+00 0.00000E+00 0.00000E+00 0.00000E+00 0.00000E+00 0.00000E+00 0.00000E+00 0.00000E+00 0.00000E+00 ];

MAT_fuelsalt_ADENS = [
0.00000E+00 5.40420E-17 1.07881E-16 2.61250E-15 7.77193E-15 1.79831E-14 3.54307E-14 5.20996E-14 6.82406E-14 8.39732E-14 9.95463E-14 1.14738E-13 1.29767E-13 1.44661E-13 1.59414E-13 1.74152E-13 1.88688E-13 2.03117E-13 2.17813E-13 2.32229E-13 2.46784E-13 2.61219E-13 2.75573E-13 2.90173E-13 3.04892E-13 3.19583E-13 3.34206E-13 3.48952E-13 4.12855E-13 4.77091E-13 5.42994E-13 6.08016E-13 6.74510E-13 7.42039E-13 8.09111E-13 8.77287E-13 9.46143E-13 1.01606E-12 1.08621E-12 1.15664E-12 1.22757E-12 1.29816E-12 1.37128E-12 1.44335E-12 1.51512E-12 1.58702E-12 1.65969E-12 1.73283E-12 1.80645E-12 1.88021E-12 1.95420E-12 2.02903E-12 2.10410E-12 2.17875E-12 2.25354E-12 2.32902E-12 2.40536E-12 2.48084E-12 2.55680E-12 2.63322E-12 2.71003E-12 2.78707E-12 2.86477E-12 2.94188E-12 3.01867E-12 3.09601E-12 3.17441E-12 3.25196E-12 3.32989E-12 3.40788E-12 3.48670E-12 3.56564E-12 % lost data
7.97438E-02 7.97438E-02 7.97438E-02 7.97443E-02 7.97452E-02 7.97472E-02 7.97506E-02 7.97539E-02 7.97572E-02 7.97605E-02 7.97637E-02 7.97669E-02 7.97701E-02 7.97732E-02 7.97763E-02 7.97794E-02 7.97824E-02 7.97854E-02 7.97884E-02 7.97913E-02 7.97942E-02 7.97971E-02 7.97999E-02 7.98027E-02 7.98055E-02 7.98082E-02 7.98109E-02 7.98136E-02 7.98249E-02 7.98356E-02 7.98458E-02 7.98555E-02 7.98647E-02 7.98736E-02 7.98820E-02 7.98900E-02 7.98976E-02 7.99049E-02 7.99119E-02 7.99185E-02 7.99248E-02 7.99308E-02 7.99366E-02 7.99420E-02 7.99473E-02 7.99522E-02 7.99570E-02 7.99615E-02 7.99658E-02 7.99699E-02 7.99738E-02 7.99775E-02 7.99811E-02 7.99845E-02 7.99877E-02 7.99908E-02 7.99937E-02 7.99965E-02 7.99992E-02 8.00017E-02 8.00041E-02 8.00064E-02 8.00086E-02 8.00107E-02 8.00127E-02 8.00146E-02 8.00165E-02 8.00182E-02 8.00198E-02 8.00214E-02 8.00229E-02 8.00244E-02 % total
];

MAT_fuelsalt_MDENS = [
0.00000E+00 0.00000E+00 0.00000E+00 0.00000E+00 0.00000E+00 0.00000E+00 0.00000E+00 0.00000E+00 0.00000E+00 0.00000E+00 0.00000E+00 0.00000E+00 0.00000E+00 0.00000E+00 0.00000E+00 0.00000E+00 0.00000E+00 0.00000E+00 0.00000E+00 0.00000E+00 0.00000E+00 0.00000E+00 0.00000E+00 0.00000E+00 0.00000E+00 0.00000E+00 0.00000E+00 0.00000E+00 0.00000E+00 0.00000E+00 0.00000E+00 0.00000E+00 0.00000E+00 0.00000E+00 0.00000E+00 0.00000E+00 0.00000E+00 0.00000E+00 0.00000E+00 0.00000E+00 0.00000E+00 0.00000E+00 0.00000E+00 0.00000E+00 0.00000E+00 0.00000E+00 0.00000E+00 0.00000E+00 0.00000E+00 0.00000E+00 0.00000E+00 0.00000E+00 0.00000E+00 0.00000E+00 0.00000E+00 0.00000E+00 0.00000E+00 0.00000E+00 0.00000E+00 0.00000E+00 0.00000E+00 0.00000E+00 0.00000E+00 0.00000E+00 0.00000E+00 0.00000E+00 0.00000E+00 0.00000E+00 0.00000E+00 0.00000E+00 0.00000E+00 0.00000E+00 % lost data
3.35931E+00 3.35931E+00 3.35931E+00 3.35932E+00 3.35934E+00 3.35938E+00 3.35944E+00 3.35950E+00 3.35956E+00 3.35962E+00 3.35968E+00 3.35974E+00 3.35980E+00 3.35986E+00 3.35992E+00 3.35998E+00 3.36004E+00 3.36010E+00 3.36015E+00 3.36021E+00 3.36027E+00 3.36032E+00 3.36038E+00 3.36043E+00 3.36049E+00 3.36054E+00 3.36060E+00 3.36065E+00 3.36086E+00 3.36106E+00 3.36126E+00 3.36145E+00 3.36163E+00 3.36180E+00 3.36197E+00 3.36213E+00 3.36228E+00 3.36243E+00 3.36257E+00 3.36271E+00 3.36284E+00 3.36296E+00 3.36308E+00 3.36320E+00 3.36331E+00 3.36341E+00 3.36351E+00 3.36360E+00 3.36370E+00 3.36378E+00 3.36387E+00 3.36394E+00 3.36402E+00 3.36409E+00 3.36416E+00 3.36423E+00 3.36429E+00 3.36435E+00 3.36441E+00 3.36446E+00 3.36452E+00 3.36456E+00 3.36461E+00 3.36466E+00 3.36470E+00 3.36474E+00 3.36478E+00 3.36482E+00 3.36486E+00 3.36489E+00 3.36492E+00 3.36495E+00 % total
];

MAT_fuelsalt_A = [
0.00000E+00 0.00000E+00 0.00000E+00 0.00000E+00 0.00000E+00 0.00000E+00 0.00000E+00 0.00000E+00 0.00000E+00 0.00000E+00 0.00000E+00 0.00000E+00 0.00000E+00 0.00000E+00 0.00000E+00 0.00000E+00 0.00000E+00 0.00000E+00 0.00000E+00 0.00000E+00 0.00000E+00 0.00000E+00 0.00000E+00 0.00000E+00 0.00000E+00 0.00000E+00 0.00000E+00 0.00000E+00 0.00000E+00 0.00000E+00 0.00000E+00 0.00000E+00 0.00000E+00 0.00000E+00 0.00000E+00 0.00000E+00 0.00000E+00 0.00000E+00 0.00000E+00 0.00000E+00 0.00000E+00 0.00000E+00 0.00000E+00 0.00000E+00 0.00000E+00 0.00000E+00 0.00000E+00 0.00000E+00 0.00000E+00 0.00000E+00 0.00000E+00 0.00000E+00 0.00000E+00 0.00000E+00 0.00000E+00 0.00000E+00 0.00000E+00 0.00000E+00 0.00000E+00 0.00000E+00 0.00000E+00 0.00000E+00 0.00000E+00 0.00000E+00 0.00000E+00 0.00000E+00 0.00000E+00 0.00000E+00 0.00000E+00 0.00000E+00 0.00000E+00 0.00000E+00 % lost data
1.15956E+12 6.25480E+19 7.05918E+19 9.24197E+19 1.02732E+20 1.11851E+20 1.18206E+20 1.17844E+20 1.16884E+20 1.16268E+20 1.15813E+20 1.15400E+20 1.15396E+20 1.14746E+20 1.14530E+20 1.14257E+20 1.13944E+20 1.14223E+20 1.13870E+20 1.13906E+20 1.13421E+20 1.13413E+20 1.13352E+20 1.13286E+20 1.12871E+20 1.13184E+20 1.13009E+20 1.12698E+20 1.19122E+20 1.17774E+20 1.16642E+20 1.16255E+20 1.15311E+20 1.15095E+20 1.14459E+20 1.13976E+20 1.13410E+20 1.12948E+20 1.12799E+20 1.12876E+20 1.12202E+20 1.12063E+20 1.11704E+20 1.11596E+20 1.11555E+20 1.10900E+20 1.11349E+20 1.11399E+20 1.10440E+20 1.10683E+20 1.10162E+20 1.10038E+20 1.10066E+20 1.09943E+20 1.09987E+20 1.10118E+20 1.09670E+20 1.09481E+20 1.09416E+20 1.09201E+20 1.09224E+20 1.09368E+20 1.09247E+20 1.09457E+20 1.09379E+20 1.09644E+20 1.08892E+20 1.08696E+20 1.08775E+20 1.08819E+20 1.08395E+20 1.08810E+20 % total
];

