
ZAI = [
666
0
];

NAMES = [
'lost            '
'total           '
];

iLOST    = 1;
iTOT     = 2;

MAT_fuelsalt_VOLUME = [ 1.36700E+07 1.36700E+07 1.36700E+07 1.36700E+07 1.36700E+07 1.36700E+07 1.36700E+07 1.36700E+07 1.36700E+07 1.36700E+07 1.36700E+07 1.36700E+07 1.36700E+07 1.36700E+07 1.36700E+07 1.36700E+07 1.36700E+07 1.36700E+07 1.36700E+07 1.36700E+07 1.36700E+07 1.36700E+07 1.36700E+07 1.36700E+07 1.36700E+07 1.36700E+07 1.36700E+07 1.36700E+07 1.36700E+07 1.36700E+07 1.36700E+07 1.36700E+07 1.36700E+07 1.36700E+07 1.36700E+07 1.36700E+07 1.36700E+07 1.36700E+07 1.36700E+07 1.36700E+07 1.36700E+07 1.36700E+07 1.36700E+07 1.36700E+07 1.36700E+07 1.36700E+07 1.36700E+07 1.36700E+07 1.36700E+07 1.36700E+07 1.36700E+07 1.36700E+07 1.36700E+07 1.36700E+07 1.36700E+07 1.36700E+07 1.36700E+07 1.36700E+07 1.36700E+07 1.36700E+07 1.36700E+07 1.36700E+07 1.36700E+07 1.36700E+07 1.36700E+07 1.36700E+07 1.36700E+07 1.36700E+07 1.36700E+07 1.36700E+07 1.36700E+07 1.36700E+07 ];

MAT_fuelsalt_BURNUP = [ 0.00000E+00 0.00000E+00 0.00000E+00 0.00000E+00 0.00000E+00 0.00000E+00 0.00000E+00 0.00000E+00 0.00000E+00 0.00000E+00 0.00000E+00 0.00000E+00 0.00000E+00 0.00000E+00 0.00000E+00 0.00000E+00 0.00000E+00 0.00000E+00 0.00000E+00 0.00000E+00 0.00000E+00 0.00000E+00 0.00000E+00 0.00000E+00 0.00000E+00 0.00000E+00 0.00000E+00 0.00000E+00 0.00000E+00 0.00000E+00 0.00000E+00 0.00000E+00 0.00000E+00 0.00000E+00 0.00000E+00 0.00000E+00 0.00000E+00 0.00000E+00 0.00000E+00 0.00000E+00 0.00000E+00 0.00000E+00 0.00000E+00 0.00000E+00 0.00000E+00 0.00000E+00 0.00000E+00 0.00000E+00 0.00000E+00 0.00000E+00 0.00000E+00 0.00000E+00 0.00000E+00 0.00000E+00 0.00000E+00 0.00000E+00 0.00000E+00 0.00000E+00 0.00000E+00 0.00000E+00 0.00000E+00 0.00000E+00 0.00000E+00 0.00000E+00 0.00000E+00 0.00000E+00 0.00000E+00 0.00000E+00 0.00000E+00 0.00000E+00 0.00000E+00 0.00000E+00 ];

MAT_fuelsalt_ADENS = [
0.00000E+00 5.13679E-17 1.02691E-16 2.47467E-15 7.39995E-15 1.72439E-14 3.44319E-14 5.15274E-14 6.81958E-14 8.48217E-14 1.01216E-13 1.17474E-13 1.33501E-13 1.49452E-13 1.65245E-13 1.80894E-13 1.96599E-13 2.12102E-13 2.27580E-13 2.42938E-13 2.58195E-13 2.73384E-13 2.88501E-13 3.03504E-13 3.18552E-13 3.33655E-13 3.48503E-13 3.63394E-13 4.26862E-13 4.89504E-13 5.51810E-13 6.13494E-13 6.74731E-13 7.35939E-13 7.96273E-13 8.56684E-13 9.16673E-13 9.76759E-13 1.03656E-12 1.09638E-12 1.15614E-12 1.21605E-12 1.27610E-12 1.33566E-12 1.39519E-12 1.45467E-12 1.51533E-12 1.57494E-12 1.63453E-12 1.69359E-12 1.75265E-12 1.81267E-12 1.87235E-12 1.93190E-12 1.99101E-12 2.05040E-12 2.10945E-12 2.16875E-12 2.22806E-12 2.28754E-12 2.34640E-12 2.40589E-12 2.46527E-12 2.52517E-12 2.58460E-12 2.64391E-12 2.70317E-12 2.76227E-12 2.82162E-12 2.88020E-12 2.93931E-12 2.99964E-12 % lost data
6.51224E-02 6.51224E-02 6.51224E-02 6.51224E-02 6.51225E-02 6.51227E-02 6.51230E-02 6.51232E-02 6.51235E-02 6.51238E-02 6.51240E-02 6.51243E-02 6.51245E-02 6.51248E-02 6.51250E-02 6.51253E-02 6.51255E-02 6.51258E-02 6.51260E-02 6.51262E-02 6.51265E-02 6.51267E-02 6.51269E-02 6.51271E-02 6.51274E-02 6.51276E-02 6.51278E-02 6.51280E-02 6.51289E-02 6.51298E-02 6.51306E-02 6.51314E-02 6.51322E-02 6.51329E-02 6.51335E-02 6.51342E-02 6.51348E-02 6.51354E-02 6.51359E-02 6.51364E-02 6.51369E-02 6.51374E-02 6.51378E-02 6.51382E-02 6.51386E-02 6.51390E-02 6.51394E-02 6.51397E-02 6.51401E-02 6.51404E-02 6.51407E-02 6.51409E-02 6.51412E-02 6.51415E-02 6.51417E-02 6.51419E-02 6.51421E-02 6.51423E-02 6.51425E-02 6.51427E-02 6.51429E-02 6.51430E-02 6.51432E-02 6.51434E-02 6.51435E-02 6.51436E-02 6.51438E-02 6.51439E-02 6.51440E-02 6.51441E-02 6.51442E-02 6.51443E-02 % total
];

MAT_fuelsalt_MDENS = [
0.00000E+00 0.00000E+00 0.00000E+00 0.00000E+00 0.00000E+00 0.00000E+00 0.00000E+00 0.00000E+00 0.00000E+00 0.00000E+00 0.00000E+00 0.00000E+00 0.00000E+00 0.00000E+00 0.00000E+00 0.00000E+00 0.00000E+00 0.00000E+00 0.00000E+00 0.00000E+00 0.00000E+00 0.00000E+00 0.00000E+00 0.00000E+00 0.00000E+00 0.00000E+00 0.00000E+00 0.00000E+00 0.00000E+00 0.00000E+00 0.00000E+00 0.00000E+00 0.00000E+00 0.00000E+00 0.00000E+00 0.00000E+00 0.00000E+00 0.00000E+00 0.00000E+00 0.00000E+00 0.00000E+00 0.00000E+00 0.00000E+00 0.00000E+00 0.00000E+00 0.00000E+00 0.00000E+00 0.00000E+00 0.00000E+00 0.00000E+00 0.00000E+00 0.00000E+00 0.00000E+00 0.00000E+00 0.00000E+00 0.00000E+00 0.00000E+00 0.00000E+00 0.00000E+00 0.00000E+00 0.00000E+00 0.00000E+00 0.00000E+00 0.00000E+00 0.00000E+00 0.00000E+00 0.00000E+00 0.00000E+00 0.00000E+00 0.00000E+00 0.00000E+00 0.00000E+00 % lost data
3.28019E+00 3.28019E+00 3.28019E+00 3.28018E+00 3.28015E+00 3.28009E+00 3.27999E+00 3.27990E+00 3.27980E+00 3.27970E+00 3.27960E+00 3.27951E+00 3.27941E+00 3.27932E+00 3.27923E+00 3.27914E+00 3.27905E+00 3.27896E+00 3.27888E+00 3.27879E+00 3.27871E+00 3.27863E+00 3.27854E+00 3.27846E+00 3.27838E+00 3.27830E+00 3.27823E+00 3.27815E+00 3.27783E+00 3.27752E+00 3.27724E+00 3.27697E+00 3.27671E+00 3.27647E+00 3.27624E+00 3.27602E+00 3.27581E+00 3.27562E+00 3.27543E+00 3.27526E+00 3.27509E+00 3.27494E+00 3.27479E+00 3.27465E+00 3.27451E+00 3.27439E+00 3.27427E+00 3.27415E+00 3.27405E+00 3.27394E+00 3.27385E+00 3.27376E+00 3.27367E+00 3.27359E+00 3.27351E+00 3.27343E+00 3.27336E+00 3.27330E+00 3.27323E+00 3.27317E+00 3.27312E+00 3.27306E+00 3.27301E+00 3.27296E+00 3.27292E+00 3.27288E+00 3.27283E+00 3.27279E+00 3.27276E+00 3.27272E+00 3.27269E+00 3.27266E+00 % total
];

MAT_fuelsalt_A = [
0.00000E+00 0.00000E+00 0.00000E+00 0.00000E+00 0.00000E+00 0.00000E+00 0.00000E+00 0.00000E+00 0.00000E+00 0.00000E+00 0.00000E+00 0.00000E+00 0.00000E+00 0.00000E+00 0.00000E+00 0.00000E+00 0.00000E+00 0.00000E+00 0.00000E+00 0.00000E+00 0.00000E+00 0.00000E+00 0.00000E+00 0.00000E+00 0.00000E+00 0.00000E+00 0.00000E+00 0.00000E+00 0.00000E+00 0.00000E+00 0.00000E+00 0.00000E+00 0.00000E+00 0.00000E+00 0.00000E+00 0.00000E+00 0.00000E+00 0.00000E+00 0.00000E+00 0.00000E+00 0.00000E+00 0.00000E+00 0.00000E+00 0.00000E+00 0.00000E+00 0.00000E+00 0.00000E+00 0.00000E+00 0.00000E+00 0.00000E+00 0.00000E+00 0.00000E+00 0.00000E+00 0.00000E+00 0.00000E+00 0.00000E+00 0.00000E+00 0.00000E+00 0.00000E+00 0.00000E+00 0.00000E+00 0.00000E+00 0.00000E+00 0.00000E+00 0.00000E+00 0.00000E+00 0.00000E+00 0.00000E+00 0.00000E+00 0.00000E+00 0.00000E+00 0.00000E+00 % lost data
1.31843E+12 6.34057E+19 7.10293E+19 9.29330E+19 1.02290E+20 1.08845E+20 1.13148E+20 1.14133E+20 1.14247E+20 1.14602E+20 1.15026E+20 1.14867E+20 1.15221E+20 1.15280E+20 1.15069E+20 1.15342E+20 1.15284E+20 1.15203E+20 1.15308E+20 1.15100E+20 1.15078E+20 1.15084E+20 1.15219E+20 1.15187E+20 1.15254E+20 1.15036E+20 1.15532E+20 1.14802E+20 1.16518E+20 1.16130E+20 1.16474E+20 1.15741E+20 1.15902E+20 1.15884E+20 1.15313E+20 1.15177E+20 1.15127E+20 1.14940E+20 1.15325E+20 1.15245E+20 1.14732E+20 1.14370E+20 1.14800E+20 1.15057E+20 1.14720E+20 1.14044E+20 1.14690E+20 1.14232E+20 1.13915E+20 1.14280E+20 1.14097E+20 1.14478E+20 1.14490E+20 1.14051E+20 1.14525E+20 1.14201E+20 1.14198E+20 1.14169E+20 1.14023E+20 1.14194E+20 1.14133E+20 1.14220E+20 1.13988E+20 1.14318E+20 1.13760E+20 1.14178E+20 1.13809E+20 1.13962E+20 1.14133E+20 1.13976E+20 1.13401E+20 1.13866E+20 % total
];

