
ZAI = [
666
0
];

NAMES = [
'lost            '
'total           '
];

iLOST    = 1;
iTOT     = 2;

MAT_fuelsalt_VOLUME = [ 1.36700E+07 1.36700E+07 1.36700E+07 1.36700E+07 1.36700E+07 1.36700E+07 1.36700E+07 1.36700E+07 1.36700E+07 1.36700E+07 1.36700E+07 1.36700E+07 1.36700E+07 1.36700E+07 1.36700E+07 1.36700E+07 1.36700E+07 1.36700E+07 1.36700E+07 1.36700E+07 1.36700E+07 1.36700E+07 1.36700E+07 1.36700E+07 1.36700E+07 1.36700E+07 1.36700E+07 1.36700E+07 1.36700E+07 1.36700E+07 1.36700E+07 1.36700E+07 1.36700E+07 1.36700E+07 1.36700E+07 1.36700E+07 1.36700E+07 1.36700E+07 1.36700E+07 1.36700E+07 1.36700E+07 1.36700E+07 1.36700E+07 1.36700E+07 1.36700E+07 1.36700E+07 1.36700E+07 1.36700E+07 1.36700E+07 1.36700E+07 1.36700E+07 1.36700E+07 1.36700E+07 1.36700E+07 1.36700E+07 1.36700E+07 1.36700E+07 1.36700E+07 1.36700E+07 1.36700E+07 1.36700E+07 1.36700E+07 1.36700E+07 1.36700E+07 1.36700E+07 1.36700E+07 1.36700E+07 1.36700E+07 1.36700E+07 1.36700E+07 1.36700E+07 1.36700E+07 ];

MAT_fuelsalt_BURNUP = [ 0.00000E+00 0.00000E+00 0.00000E+00 0.00000E+00 0.00000E+00 0.00000E+00 0.00000E+00 0.00000E+00 0.00000E+00 0.00000E+00 0.00000E+00 0.00000E+00 0.00000E+00 0.00000E+00 0.00000E+00 0.00000E+00 0.00000E+00 0.00000E+00 0.00000E+00 0.00000E+00 0.00000E+00 0.00000E+00 0.00000E+00 0.00000E+00 0.00000E+00 0.00000E+00 0.00000E+00 0.00000E+00 0.00000E+00 0.00000E+00 0.00000E+00 0.00000E+00 0.00000E+00 0.00000E+00 0.00000E+00 0.00000E+00 0.00000E+00 0.00000E+00 0.00000E+00 0.00000E+00 0.00000E+00 0.00000E+00 0.00000E+00 0.00000E+00 0.00000E+00 0.00000E+00 0.00000E+00 0.00000E+00 0.00000E+00 0.00000E+00 0.00000E+00 0.00000E+00 0.00000E+00 0.00000E+00 0.00000E+00 0.00000E+00 0.00000E+00 0.00000E+00 0.00000E+00 0.00000E+00 0.00000E+00 0.00000E+00 0.00000E+00 0.00000E+00 0.00000E+00 0.00000E+00 0.00000E+00 0.00000E+00 0.00000E+00 0.00000E+00 0.00000E+00 0.00000E+00 ];

MAT_fuelsalt_ADENS = [
0.00000E+00 5.12281E-17 1.02373E-16 2.46208E-15 7.42814E-15 1.73004E-14 3.45682E-14 5.15149E-14 6.82615E-14 8.47119E-14 1.01060E-13 1.17235E-13 1.33328E-13 1.49258E-13 1.64991E-13 1.80652E-13 1.96135E-13 2.11561E-13 2.26961E-13 2.42369E-13 2.57602E-13 2.72558E-13 2.87537E-13 3.02419E-13 3.17276E-13 3.32016E-13 3.46540E-13 3.61106E-13 4.23035E-13 4.84486E-13 5.44594E-13 6.04029E-13 6.63563E-13 7.22526E-13 7.81207E-13 8.39944E-13 8.98228E-13 9.56271E-13 1.01339E-12 1.07123E-12 1.12916E-12 1.18674E-12 1.24402E-12 1.30113E-12 1.35852E-12 1.41542E-12 1.47256E-12 1.52966E-12 1.58584E-12 1.64236E-12 1.69936E-12 1.75597E-12 1.81266E-12 1.86952E-12 1.92603E-12 1.98335E-12 2.03966E-12 2.09610E-12 2.15246E-12 2.20949E-12 2.26557E-12 2.32213E-12 2.37858E-12 2.43557E-12 2.49210E-12 2.54838E-12 2.60516E-12 2.66148E-12 2.71758E-12 2.77385E-12 2.83119E-12 2.88810E-12 % lost data
6.51224E-02 6.51224E-02 6.51224E-02 6.51224E-02 6.51225E-02 6.51227E-02 6.51230E-02 6.51232E-02 6.51235E-02 6.51238E-02 6.51241E-02 6.51243E-02 6.51246E-02 6.51249E-02 6.51251E-02 6.51254E-02 6.51256E-02 6.51259E-02 6.51262E-02 6.51264E-02 6.51267E-02 6.51269E-02 6.51272E-02 6.51275E-02 6.51277E-02 6.51280E-02 6.51282E-02 6.51285E-02 6.51296E-02 6.51306E-02 6.51317E-02 6.51327E-02 6.51337E-02 6.51347E-02 6.51356E-02 6.51366E-02 6.51375E-02 6.51384E-02 6.51393E-02 6.51402E-02 6.51410E-02 6.51419E-02 6.51427E-02 6.51435E-02 6.51443E-02 6.51451E-02 6.51458E-02 6.51466E-02 6.51473E-02 6.51480E-02 6.51487E-02 6.51493E-02 6.51500E-02 6.51507E-02 6.51513E-02 6.51519E-02 6.51525E-02 6.51531E-02 6.51537E-02 6.51543E-02 6.51548E-02 6.51554E-02 6.51559E-02 6.51564E-02 6.51569E-02 6.51574E-02 6.51579E-02 6.51584E-02 6.51589E-02 6.51593E-02 6.51598E-02 6.51602E-02 % total
];

MAT_fuelsalt_MDENS = [
0.00000E+00 0.00000E+00 0.00000E+00 0.00000E+00 0.00000E+00 0.00000E+00 0.00000E+00 0.00000E+00 0.00000E+00 0.00000E+00 0.00000E+00 0.00000E+00 0.00000E+00 0.00000E+00 0.00000E+00 0.00000E+00 0.00000E+00 0.00000E+00 0.00000E+00 0.00000E+00 0.00000E+00 0.00000E+00 0.00000E+00 0.00000E+00 0.00000E+00 0.00000E+00 0.00000E+00 0.00000E+00 0.00000E+00 0.00000E+00 0.00000E+00 0.00000E+00 0.00000E+00 0.00000E+00 0.00000E+00 0.00000E+00 0.00000E+00 0.00000E+00 0.00000E+00 0.00000E+00 0.00000E+00 0.00000E+00 0.00000E+00 0.00000E+00 0.00000E+00 0.00000E+00 0.00000E+00 0.00000E+00 0.00000E+00 0.00000E+00 0.00000E+00 0.00000E+00 0.00000E+00 0.00000E+00 0.00000E+00 0.00000E+00 0.00000E+00 0.00000E+00 0.00000E+00 0.00000E+00 0.00000E+00 0.00000E+00 0.00000E+00 0.00000E+00 0.00000E+00 0.00000E+00 0.00000E+00 0.00000E+00 0.00000E+00 0.00000E+00 0.00000E+00 0.00000E+00 % lost data
3.28019E+00 3.28019E+00 3.28019E+00 3.28018E+00 3.28015E+00 3.28010E+00 3.28000E+00 3.27990E+00 3.27980E+00 3.27970E+00 3.27960E+00 3.27951E+00 3.27941E+00 3.27931E+00 3.27922E+00 3.27912E+00 3.27903E+00 3.27894E+00 3.27884E+00 3.27875E+00 3.27866E+00 3.27857E+00 3.27848E+00 3.27839E+00 3.27830E+00 3.27821E+00 3.27812E+00 3.27804E+00 3.27766E+00 3.27730E+00 3.27695E+00 3.27660E+00 3.27626E+00 3.27594E+00 3.27562E+00 3.27531E+00 3.27500E+00 3.27471E+00 3.27442E+00 3.27413E+00 3.27386E+00 3.27359E+00 3.27332E+00 3.27307E+00 3.27282E+00 3.27257E+00 3.27233E+00 3.27210E+00 3.27187E+00 3.27165E+00 3.27143E+00 3.27122E+00 3.27101E+00 3.27081E+00 3.27061E+00 3.27041E+00 3.27022E+00 3.27004E+00 3.26986E+00 3.26968E+00 3.26951E+00 3.26934E+00 3.26918E+00 3.26901E+00 3.26886E+00 3.26870E+00 3.26855E+00 3.26841E+00 3.26826E+00 3.26812E+00 3.26798E+00 3.26785E+00 % total
];

MAT_fuelsalt_A = [
0.00000E+00 0.00000E+00 0.00000E+00 0.00000E+00 0.00000E+00 0.00000E+00 0.00000E+00 0.00000E+00 0.00000E+00 0.00000E+00 0.00000E+00 0.00000E+00 0.00000E+00 0.00000E+00 0.00000E+00 0.00000E+00 0.00000E+00 0.00000E+00 0.00000E+00 0.00000E+00 0.00000E+00 0.00000E+00 0.00000E+00 0.00000E+00 0.00000E+00 0.00000E+00 0.00000E+00 0.00000E+00 0.00000E+00 0.00000E+00 0.00000E+00 0.00000E+00 0.00000E+00 0.00000E+00 0.00000E+00 0.00000E+00 0.00000E+00 0.00000E+00 0.00000E+00 0.00000E+00 0.00000E+00 0.00000E+00 0.00000E+00 0.00000E+00 0.00000E+00 0.00000E+00 0.00000E+00 0.00000E+00 0.00000E+00 0.00000E+00 0.00000E+00 0.00000E+00 0.00000E+00 0.00000E+00 0.00000E+00 0.00000E+00 0.00000E+00 0.00000E+00 0.00000E+00 0.00000E+00 0.00000E+00 0.00000E+00 0.00000E+00 0.00000E+00 0.00000E+00 0.00000E+00 0.00000E+00 0.00000E+00 0.00000E+00 0.00000E+00 0.00000E+00 0.00000E+00 % lost data
1.31843E+12 6.34528E+19 7.08880E+19 9.30185E+19 1.02387E+20 1.09216E+20 1.12972E+20 1.13869E+20 1.14875E+20 1.15208E+20 1.15332E+20 1.15359E+20 1.15419E+20 1.15159E+20 1.15701E+20 1.15793E+20 1.15989E+20 1.15932E+20 1.16476E+20 1.16169E+20 1.15974E+20 1.16046E+20 1.16221E+20 1.16148E+20 1.16342E+20 1.16207E+20 1.16316E+20 1.16250E+20 1.17674E+20 1.17644E+20 1.17415E+20 1.17542E+20 1.17450E+20 1.17403E+20 1.17537E+20 1.17529E+20 1.17829E+20 1.17225E+20 1.17791E+20 1.17688E+20 1.17586E+20 1.17765E+20 1.17778E+20 1.17670E+20 1.17648E+20 1.17863E+20 1.17939E+20 1.17517E+20 1.17835E+20 1.17439E+20 1.18162E+20 1.17873E+20 1.17921E+20 1.18478E+20 1.17998E+20 1.17861E+20 1.17752E+20 1.17993E+20 1.18179E+20 1.18036E+20 1.18285E+20 1.18228E+20 1.18451E+20 1.18052E+20 1.18102E+20 1.18183E+20 1.18620E+20 1.18380E+20 1.18156E+20 1.18088E+20 1.18352E+20 1.18160E+20 % total
];

