
ZAI = [
666
0
];

NAMES = [
'lost            '
'total           '
];

iLOST    = 1;
iTOT     = 2;

MAT_fuelsalt_VOLUME = [ 1.36700E+07 1.36700E+07 1.36700E+07 1.36700E+07 1.36700E+07 1.36700E+07 1.36700E+07 1.36700E+07 1.36700E+07 1.36700E+07 1.36700E+07 1.36700E+07 1.36700E+07 1.36700E+07 1.36700E+07 1.36700E+07 1.36700E+07 1.36700E+07 1.36700E+07 1.36700E+07 1.36700E+07 1.36700E+07 1.36700E+07 1.36700E+07 1.36700E+07 1.36700E+07 1.36700E+07 1.36700E+07 1.36700E+07 1.36700E+07 1.36700E+07 1.36700E+07 1.36700E+07 1.36700E+07 1.36700E+07 1.36700E+07 1.36700E+07 1.36700E+07 1.36700E+07 1.36700E+07 1.36700E+07 1.36700E+07 1.36700E+07 1.36700E+07 1.36700E+07 1.36700E+07 1.36700E+07 1.36700E+07 1.36700E+07 1.36700E+07 1.36700E+07 1.36700E+07 1.36700E+07 1.36700E+07 1.36700E+07 1.36700E+07 1.36700E+07 1.36700E+07 1.36700E+07 1.36700E+07 1.36700E+07 1.36700E+07 1.36700E+07 1.36700E+07 1.36700E+07 1.36700E+07 1.36700E+07 1.36700E+07 1.36700E+07 1.36700E+07 1.36700E+07 1.36700E+07 ];

MAT_fuelsalt_BURNUP = [ 0.00000E+00 0.00000E+00 0.00000E+00 0.00000E+00 0.00000E+00 0.00000E+00 0.00000E+00 0.00000E+00 0.00000E+00 0.00000E+00 0.00000E+00 0.00000E+00 0.00000E+00 0.00000E+00 0.00000E+00 0.00000E+00 0.00000E+00 0.00000E+00 0.00000E+00 0.00000E+00 0.00000E+00 0.00000E+00 0.00000E+00 0.00000E+00 0.00000E+00 0.00000E+00 0.00000E+00 0.00000E+00 0.00000E+00 0.00000E+00 0.00000E+00 0.00000E+00 0.00000E+00 0.00000E+00 0.00000E+00 0.00000E+00 0.00000E+00 0.00000E+00 0.00000E+00 0.00000E+00 0.00000E+00 0.00000E+00 0.00000E+00 0.00000E+00 0.00000E+00 0.00000E+00 0.00000E+00 0.00000E+00 0.00000E+00 0.00000E+00 0.00000E+00 0.00000E+00 0.00000E+00 0.00000E+00 0.00000E+00 0.00000E+00 0.00000E+00 0.00000E+00 0.00000E+00 0.00000E+00 0.00000E+00 0.00000E+00 0.00000E+00 0.00000E+00 0.00000E+00 0.00000E+00 0.00000E+00 0.00000E+00 0.00000E+00 0.00000E+00 0.00000E+00 0.00000E+00 ];

MAT_fuelsalt_ADENS = [
0.00000E+00 5.16042E-17 1.03278E-16 2.48317E-15 7.42374E-15 1.73996E-14 3.46927E-14 5.17219E-14 6.85823E-14 8.52774E-14 1.01764E-13 1.18118E-13 1.34365E-13 1.50427E-13 1.66569E-13 1.82485E-13 1.98285E-13 2.14069E-13 2.29709E-13 2.45328E-13 2.60845E-13 2.76324E-13 2.91808E-13 3.07112E-13 3.22530E-13 3.37884E-13 3.53108E-13 3.68427E-13 4.34757E-13 5.00780E-13 5.66555E-13 6.31603E-13 6.96336E-13 7.60988E-13 8.25821E-13 8.90356E-13 9.54479E-13 1.01822E-12 1.08242E-12 1.14620E-12 1.21017E-12 1.27385E-12 1.33771E-12 1.40127E-12 1.46487E-12 1.52851E-12 1.59167E-12 1.65540E-12 1.71913E-12 1.78243E-12 1.84612E-12 1.90980E-12 1.97338E-12 2.03686E-12 2.10060E-12 2.16414E-12 2.22758E-12 2.29085E-12 2.35406E-12 2.41777E-12 2.48144E-12 2.54490E-12 2.60843E-12 2.67167E-12 2.73521E-12 2.79857E-12 2.86208E-12 2.92593E-12 2.98950E-12 3.05268E-12 3.11599E-12 3.18000E-12 % lost data
6.51224E-02 6.51224E-02 6.51224E-02 6.51224E-02 6.51225E-02 6.51227E-02 6.51230E-02 6.51232E-02 6.51235E-02 6.51237E-02 6.51240E-02 6.51242E-02 6.51245E-02 6.51247E-02 6.51249E-02 6.51251E-02 6.51253E-02 6.51255E-02 6.51257E-02 6.51259E-02 6.51261E-02 6.51263E-02 6.51265E-02 6.51267E-02 6.51268E-02 6.51270E-02 6.51272E-02 6.51273E-02 6.51280E-02 6.51286E-02 6.51291E-02 6.51296E-02 6.51300E-02 6.51304E-02 6.51307E-02 6.51310E-02 6.51313E-02 6.51315E-02 6.51318E-02 6.51319E-02 6.51321E-02 6.51323E-02 6.51324E-02 6.51325E-02 6.51326E-02 6.51327E-02 6.51328E-02 6.51329E-02 6.51330E-02 6.51330E-02 6.51331E-02 6.51331E-02 6.51332E-02 6.51332E-02 6.51333E-02 6.51333E-02 6.51333E-02 6.51333E-02 6.51334E-02 6.51334E-02 6.51334E-02 6.51334E-02 6.51334E-02 6.51334E-02 6.51335E-02 6.51335E-02 6.51335E-02 6.51335E-02 6.51335E-02 6.51335E-02 6.51335E-02 6.51335E-02 % total
];

MAT_fuelsalt_MDENS = [
0.00000E+00 0.00000E+00 0.00000E+00 0.00000E+00 0.00000E+00 0.00000E+00 0.00000E+00 0.00000E+00 0.00000E+00 0.00000E+00 0.00000E+00 0.00000E+00 0.00000E+00 0.00000E+00 0.00000E+00 0.00000E+00 0.00000E+00 0.00000E+00 0.00000E+00 0.00000E+00 0.00000E+00 0.00000E+00 0.00000E+00 0.00000E+00 0.00000E+00 0.00000E+00 0.00000E+00 0.00000E+00 0.00000E+00 0.00000E+00 0.00000E+00 0.00000E+00 0.00000E+00 0.00000E+00 0.00000E+00 0.00000E+00 0.00000E+00 0.00000E+00 0.00000E+00 0.00000E+00 0.00000E+00 0.00000E+00 0.00000E+00 0.00000E+00 0.00000E+00 0.00000E+00 0.00000E+00 0.00000E+00 0.00000E+00 0.00000E+00 0.00000E+00 0.00000E+00 0.00000E+00 0.00000E+00 0.00000E+00 0.00000E+00 0.00000E+00 0.00000E+00 0.00000E+00 0.00000E+00 0.00000E+00 0.00000E+00 0.00000E+00 0.00000E+00 0.00000E+00 0.00000E+00 0.00000E+00 0.00000E+00 0.00000E+00 0.00000E+00 0.00000E+00 0.00000E+00 % lost data
3.28019E+00 3.28019E+00 3.28019E+00 3.28017E+00 3.28014E+00 3.28007E+00 3.27995E+00 3.27983E+00 3.27971E+00 3.27959E+00 3.27948E+00 3.27937E+00 3.27927E+00 3.27916E+00 3.27906E+00 3.27896E+00 3.27887E+00 3.27878E+00 3.27868E+00 3.27860E+00 3.27851E+00 3.27843E+00 3.27834E+00 3.27827E+00 3.27819E+00 3.27811E+00 3.27804E+00 3.27797E+00 3.27767E+00 3.27740E+00 3.27717E+00 3.27696E+00 3.27677E+00 3.27660E+00 3.27645E+00 3.27631E+00 3.27619E+00 3.27609E+00 3.27599E+00 3.27590E+00 3.27583E+00 3.27576E+00 3.27570E+00 3.27564E+00 3.27559E+00 3.27555E+00 3.27551E+00 3.27547E+00 3.27544E+00 3.27541E+00 3.27539E+00 3.27536E+00 3.27534E+00 3.27532E+00 3.27531E+00 3.27529E+00 3.27528E+00 3.27527E+00 3.27526E+00 3.27525E+00 3.27524E+00 3.27523E+00 3.27523E+00 3.27522E+00 3.27521E+00 3.27521E+00 3.27520E+00 3.27520E+00 3.27520E+00 3.27519E+00 3.27519E+00 3.27519E+00 % total
];

MAT_fuelsalt_A = [
0.00000E+00 0.00000E+00 0.00000E+00 0.00000E+00 0.00000E+00 0.00000E+00 0.00000E+00 0.00000E+00 0.00000E+00 0.00000E+00 0.00000E+00 0.00000E+00 0.00000E+00 0.00000E+00 0.00000E+00 0.00000E+00 0.00000E+00 0.00000E+00 0.00000E+00 0.00000E+00 0.00000E+00 0.00000E+00 0.00000E+00 0.00000E+00 0.00000E+00 0.00000E+00 0.00000E+00 0.00000E+00 0.00000E+00 0.00000E+00 0.00000E+00 0.00000E+00 0.00000E+00 0.00000E+00 0.00000E+00 0.00000E+00 0.00000E+00 0.00000E+00 0.00000E+00 0.00000E+00 0.00000E+00 0.00000E+00 0.00000E+00 0.00000E+00 0.00000E+00 0.00000E+00 0.00000E+00 0.00000E+00 0.00000E+00 0.00000E+00 0.00000E+00 0.00000E+00 0.00000E+00 0.00000E+00 0.00000E+00 0.00000E+00 0.00000E+00 0.00000E+00 0.00000E+00 0.00000E+00 0.00000E+00 0.00000E+00 0.00000E+00 0.00000E+00 0.00000E+00 0.00000E+00 0.00000E+00 0.00000E+00 0.00000E+00 0.00000E+00 0.00000E+00 0.00000E+00 % lost data
1.31843E+12 6.34224E+19 7.09728E+19 9.34570E+19 1.03160E+20 1.10336E+20 1.15195E+20 1.15186E+20 1.14725E+20 1.14259E+20 1.13982E+20 1.13151E+20 1.12671E+20 1.12151E+20 1.11804E+20 1.11979E+20 1.11615E+20 1.11108E+20 1.10615E+20 1.10337E+20 1.10125E+20 1.10060E+20 1.09915E+20 1.09636E+20 1.09302E+20 1.09157E+20 1.08846E+20 1.08694E+20 1.12471E+20 1.11217E+20 1.10338E+20 1.09343E+20 1.08695E+20 1.08011E+20 1.07793E+20 1.07274E+20 1.06941E+20 1.06645E+20 1.06197E+20 1.05971E+20 1.05694E+20 1.05658E+20 1.05272E+20 1.05478E+20 1.05133E+20 1.05190E+20 1.05197E+20 1.04870E+20 1.05015E+20 1.04819E+20 1.05009E+20 1.04603E+20 1.04704E+20 1.04453E+20 1.04494E+20 1.04531E+20 1.04507E+20 1.04640E+20 1.04426E+20 1.04592E+20 1.04249E+20 1.04325E+20 1.04350E+20 1.04397E+20 1.04564E+20 1.04430E+20 1.04280E+20 1.04278E+20 1.04575E+20 1.04396E+20 1.04361E+20 1.04239E+20 % total
];

