
ZAI = [
666
0
];

NAMES = [
'lost            '
'total           '
];

iLOST    = 1;
iTOT     = 2;

MAT_fuelsalt_VOLUME = [ 1.36700E+07 1.36700E+07 1.36700E+07 1.36700E+07 1.36700E+07 1.36700E+07 1.36700E+07 1.36700E+07 1.36700E+07 1.36700E+07 1.36700E+07 1.36700E+07 1.36700E+07 1.36700E+07 1.36700E+07 1.36700E+07 1.36700E+07 1.36700E+07 1.36700E+07 1.36700E+07 1.36700E+07 1.36700E+07 1.36700E+07 1.36700E+07 1.36700E+07 1.36700E+07 1.36700E+07 1.36700E+07 1.36700E+07 1.36700E+07 1.36700E+07 1.36700E+07 1.36700E+07 1.36700E+07 1.36700E+07 1.36700E+07 1.36700E+07 1.36700E+07 1.36700E+07 1.36700E+07 1.36700E+07 1.36700E+07 1.36700E+07 1.36700E+07 1.36700E+07 1.36700E+07 1.36700E+07 1.36700E+07 1.36700E+07 1.36700E+07 1.36700E+07 1.36700E+07 1.36700E+07 1.36700E+07 1.36700E+07 1.36700E+07 1.36700E+07 1.36700E+07 1.36700E+07 1.36700E+07 1.36700E+07 1.36700E+07 1.36700E+07 1.36700E+07 1.36700E+07 1.36700E+07 1.36700E+07 1.36700E+07 1.36700E+07 1.36700E+07 1.36700E+07 1.36700E+07 ];

MAT_fuelsalt_BURNUP = [ 0.00000E+00 0.00000E+00 0.00000E+00 0.00000E+00 0.00000E+00 0.00000E+00 0.00000E+00 0.00000E+00 0.00000E+00 0.00000E+00 0.00000E+00 0.00000E+00 0.00000E+00 0.00000E+00 0.00000E+00 0.00000E+00 0.00000E+00 0.00000E+00 0.00000E+00 0.00000E+00 0.00000E+00 0.00000E+00 0.00000E+00 0.00000E+00 0.00000E+00 0.00000E+00 0.00000E+00 0.00000E+00 0.00000E+00 0.00000E+00 0.00000E+00 0.00000E+00 0.00000E+00 0.00000E+00 0.00000E+00 0.00000E+00 0.00000E+00 0.00000E+00 0.00000E+00 0.00000E+00 0.00000E+00 0.00000E+00 0.00000E+00 0.00000E+00 0.00000E+00 0.00000E+00 0.00000E+00 0.00000E+00 0.00000E+00 0.00000E+00 0.00000E+00 0.00000E+00 0.00000E+00 0.00000E+00 0.00000E+00 0.00000E+00 0.00000E+00 0.00000E+00 0.00000E+00 0.00000E+00 0.00000E+00 0.00000E+00 0.00000E+00 0.00000E+00 0.00000E+00 0.00000E+00 0.00000E+00 0.00000E+00 0.00000E+00 0.00000E+00 0.00000E+00 0.00000E+00 ];

MAT_fuelsalt_ADENS = [
0.00000E+00 5.11250E-17 1.02556E-16 2.45516E-15 7.42325E-15 1.73840E-14 3.45277E-14 5.14609E-14 6.82138E-14 8.47796E-14 1.01191E-13 1.17248E-13 1.33242E-13 1.49122E-13 1.64895E-13 1.80553E-13 1.96037E-13 2.11437E-13 2.26769E-13 2.42086E-13 2.57275E-13 2.72202E-13 2.87095E-13 3.02008E-13 3.16940E-13 3.31753E-13 3.46493E-13 3.61124E-13 4.23473E-13 4.84591E-13 5.44788E-13 6.05067E-13 6.64663E-13 7.23671E-13 7.82415E-13 8.41225E-13 8.99261E-13 9.57129E-13 1.01468E-12 1.07233E-12 1.12924E-12 1.18594E-12 1.24329E-12 1.29981E-12 1.35654E-12 1.41365E-12 1.47023E-12 1.52776E-12 1.58405E-12 1.64045E-12 1.69675E-12 1.75307E-12 1.80920E-12 1.86588E-12 1.92248E-12 1.97900E-12 2.03537E-12 2.09198E-12 2.14838E-12 2.20441E-12 2.26099E-12 2.31737E-12 2.37451E-12 2.43112E-12 2.48752E-12 2.54370E-12 2.59996E-12 2.65671E-12 2.71360E-12 2.77078E-12 2.82755E-12 2.88526E-12 % lost data
6.51224E-02 6.51224E-02 6.51224E-02 6.51224E-02 6.51225E-02 6.51227E-02 6.51230E-02 6.51232E-02 6.51235E-02 6.51238E-02 6.51241E-02 6.51243E-02 6.51246E-02 6.51249E-02 6.51252E-02 6.51254E-02 6.51257E-02 6.51260E-02 6.51262E-02 6.51265E-02 6.51268E-02 6.51271E-02 6.51273E-02 6.51276E-02 6.51279E-02 6.51281E-02 6.51284E-02 6.51287E-02 6.51298E-02 6.51310E-02 6.51321E-02 6.51332E-02 6.51344E-02 6.51355E-02 6.51366E-02 6.51376E-02 6.51387E-02 6.51398E-02 6.51408E-02 6.51419E-02 6.51429E-02 6.51440E-02 6.51450E-02 6.51460E-02 6.51470E-02 6.51479E-02 6.51489E-02 6.51499E-02 6.51508E-02 6.51518E-02 6.51527E-02 6.51536E-02 6.51545E-02 6.51554E-02 6.51563E-02 6.51572E-02 6.51581E-02 6.51589E-02 6.51598E-02 6.51606E-02 6.51615E-02 6.51623E-02 6.51631E-02 6.51639E-02 6.51647E-02 6.51655E-02 6.51663E-02 6.51671E-02 6.51678E-02 6.51686E-02 6.51693E-02 6.51701E-02 % total
];

MAT_fuelsalt_MDENS = [
0.00000E+00 0.00000E+00 0.00000E+00 0.00000E+00 0.00000E+00 0.00000E+00 0.00000E+00 0.00000E+00 0.00000E+00 0.00000E+00 0.00000E+00 0.00000E+00 0.00000E+00 0.00000E+00 0.00000E+00 0.00000E+00 0.00000E+00 0.00000E+00 0.00000E+00 0.00000E+00 0.00000E+00 0.00000E+00 0.00000E+00 0.00000E+00 0.00000E+00 0.00000E+00 0.00000E+00 0.00000E+00 0.00000E+00 0.00000E+00 0.00000E+00 0.00000E+00 0.00000E+00 0.00000E+00 0.00000E+00 0.00000E+00 0.00000E+00 0.00000E+00 0.00000E+00 0.00000E+00 0.00000E+00 0.00000E+00 0.00000E+00 0.00000E+00 0.00000E+00 0.00000E+00 0.00000E+00 0.00000E+00 0.00000E+00 0.00000E+00 0.00000E+00 0.00000E+00 0.00000E+00 0.00000E+00 0.00000E+00 0.00000E+00 0.00000E+00 0.00000E+00 0.00000E+00 0.00000E+00 0.00000E+00 0.00000E+00 0.00000E+00 0.00000E+00 0.00000E+00 0.00000E+00 0.00000E+00 0.00000E+00 0.00000E+00 0.00000E+00 0.00000E+00 0.00000E+00 % lost data
3.28019E+00 3.28019E+00 3.28019E+00 3.28018E+00 3.28015E+00 3.28009E+00 3.27999E+00 3.27989E+00 3.27979E+00 3.27969E+00 3.27959E+00 3.27949E+00 3.27939E+00 3.27929E+00 3.27919E+00 3.27909E+00 3.27899E+00 3.27890E+00 3.27880E+00 3.27870E+00 3.27861E+00 3.27851E+00 3.27841E+00 3.27832E+00 3.27822E+00 3.27813E+00 3.27803E+00 3.27794E+00 3.27753E+00 3.27713E+00 3.27674E+00 3.27635E+00 3.27597E+00 3.27559E+00 3.27522E+00 3.27485E+00 3.27449E+00 3.27413E+00 3.27378E+00 3.27343E+00 3.27309E+00 3.27275E+00 3.27241E+00 3.27208E+00 3.27175E+00 3.27143E+00 3.27111E+00 3.27079E+00 3.27048E+00 3.27018E+00 3.26987E+00 3.26957E+00 3.26927E+00 3.26898E+00 3.26869E+00 3.26840E+00 3.26812E+00 3.26784E+00 3.26756E+00 3.26729E+00 3.26702E+00 3.26675E+00 3.26649E+00 3.26623E+00 3.26597E+00 3.26572E+00 3.26547E+00 3.26522E+00 3.26497E+00 3.26473E+00 3.26449E+00 3.26425E+00 % total
];

MAT_fuelsalt_A = [
0.00000E+00 0.00000E+00 0.00000E+00 0.00000E+00 0.00000E+00 0.00000E+00 0.00000E+00 0.00000E+00 0.00000E+00 0.00000E+00 0.00000E+00 0.00000E+00 0.00000E+00 0.00000E+00 0.00000E+00 0.00000E+00 0.00000E+00 0.00000E+00 0.00000E+00 0.00000E+00 0.00000E+00 0.00000E+00 0.00000E+00 0.00000E+00 0.00000E+00 0.00000E+00 0.00000E+00 0.00000E+00 0.00000E+00 0.00000E+00 0.00000E+00 0.00000E+00 0.00000E+00 0.00000E+00 0.00000E+00 0.00000E+00 0.00000E+00 0.00000E+00 0.00000E+00 0.00000E+00 0.00000E+00 0.00000E+00 0.00000E+00 0.00000E+00 0.00000E+00 0.00000E+00 0.00000E+00 0.00000E+00 0.00000E+00 0.00000E+00 0.00000E+00 0.00000E+00 0.00000E+00 0.00000E+00 0.00000E+00 0.00000E+00 0.00000E+00 0.00000E+00 0.00000E+00 0.00000E+00 0.00000E+00 0.00000E+00 0.00000E+00 0.00000E+00 0.00000E+00 0.00000E+00 0.00000E+00 0.00000E+00 0.00000E+00 0.00000E+00 0.00000E+00 0.00000E+00 % lost data
1.31843E+12 6.34900E+19 7.10788E+19 9.29295E+19 1.02487E+20 1.09379E+20 1.13235E+20 1.14212E+20 1.14506E+20 1.15041E+20 1.15279E+20 1.15394E+20 1.15398E+20 1.15572E+20 1.15246E+20 1.15457E+20 1.15783E+20 1.15567E+20 1.15882E+20 1.15655E+20 1.15675E+20 1.15738E+20 1.15948E+20 1.16017E+20 1.16006E+20 1.15828E+20 1.15704E+20 1.15661E+20 1.17328E+20 1.17265E+20 1.17253E+20 1.17448E+20 1.16990E+20 1.17027E+20 1.16895E+20 1.16961E+20 1.16713E+20 1.16758E+20 1.16612E+20 1.16558E+20 1.16602E+20 1.16711E+20 1.16370E+20 1.16797E+20 1.16326E+20 1.16564E+20 1.16046E+20 1.15879E+20 1.16183E+20 1.16258E+20 1.16252E+20 1.15729E+20 1.16210E+20 1.16355E+20 1.15790E+20 1.15987E+20 1.16610E+20 1.16059E+20 1.16550E+20 1.16001E+20 1.16026E+20 1.16334E+20 1.16027E+20 1.16169E+20 1.16034E+20 1.15762E+20 1.15500E+20 1.15728E+20 1.15885E+20 1.15886E+20 1.15940E+20 1.15562E+20 % total
];

