
ZAI = [
666
0
];

NAMES = [
'lost            '
'total           '
];

iLOST    = 1;
iTOT     = 2;

MAT_fuelsalt_VOLUME = [ 1.36700E+07 1.36700E+07 1.36700E+07 1.36700E+07 1.36700E+07 1.36700E+07 1.36700E+07 1.36700E+07 1.36700E+07 1.36700E+07 1.36700E+07 1.36700E+07 1.36700E+07 1.36700E+07 1.36700E+07 1.36700E+07 1.36700E+07 1.36700E+07 1.36700E+07 1.36700E+07 1.36700E+07 1.36700E+07 1.36700E+07 1.36700E+07 1.36700E+07 1.36700E+07 1.36700E+07 1.36700E+07 1.36700E+07 1.36700E+07 1.36700E+07 1.36700E+07 1.36700E+07 1.36700E+07 1.36700E+07 1.36700E+07 1.36700E+07 1.36700E+07 1.36700E+07 1.36700E+07 1.36700E+07 1.36700E+07 1.36700E+07 1.36700E+07 1.36700E+07 1.36700E+07 1.36700E+07 1.36700E+07 1.36700E+07 1.36700E+07 1.36700E+07 1.36700E+07 1.36700E+07 1.36700E+07 1.36700E+07 1.36700E+07 1.36700E+07 1.36700E+07 1.36700E+07 1.36700E+07 1.36700E+07 1.36700E+07 1.36700E+07 1.36700E+07 1.36700E+07 1.36700E+07 1.36700E+07 1.36700E+07 1.36700E+07 1.36700E+07 1.36700E+07 1.36700E+07 ];

MAT_fuelsalt_BURNUP = [ 0.00000E+00 0.00000E+00 0.00000E+00 0.00000E+00 0.00000E+00 0.00000E+00 0.00000E+00 0.00000E+00 0.00000E+00 0.00000E+00 0.00000E+00 0.00000E+00 0.00000E+00 0.00000E+00 0.00000E+00 0.00000E+00 0.00000E+00 0.00000E+00 0.00000E+00 0.00000E+00 0.00000E+00 0.00000E+00 0.00000E+00 0.00000E+00 0.00000E+00 0.00000E+00 0.00000E+00 0.00000E+00 0.00000E+00 0.00000E+00 0.00000E+00 0.00000E+00 0.00000E+00 0.00000E+00 0.00000E+00 0.00000E+00 0.00000E+00 0.00000E+00 0.00000E+00 0.00000E+00 0.00000E+00 0.00000E+00 0.00000E+00 0.00000E+00 0.00000E+00 0.00000E+00 0.00000E+00 0.00000E+00 0.00000E+00 0.00000E+00 0.00000E+00 0.00000E+00 0.00000E+00 0.00000E+00 0.00000E+00 0.00000E+00 0.00000E+00 0.00000E+00 0.00000E+00 0.00000E+00 0.00000E+00 0.00000E+00 0.00000E+00 0.00000E+00 0.00000E+00 0.00000E+00 0.00000E+00 0.00000E+00 0.00000E+00 0.00000E+00 0.00000E+00 0.00000E+00 ];

MAT_fuelsalt_ADENS = [
0.00000E+00 5.35774E-17 1.07480E-16 2.59215E-15 7.75606E-15 1.80957E-14 3.61437E-14 5.37702E-14 7.12215E-14 8.84775E-14 1.05369E-13 1.22118E-13 1.38751E-13 1.55209E-13 1.71469E-13 1.87613E-13 2.03562E-13 2.19490E-13 2.35108E-13 2.50746E-13 2.66456E-13 2.81916E-13 2.97313E-13 3.12520E-13 3.27890E-13 3.43122E-13 3.58401E-13 3.73449E-13 4.37820E-13 5.01877E-13 5.65258E-13 6.28375E-13 6.91385E-13 7.53727E-13 8.16501E-13 8.78550E-13 9.40281E-13 1.00195E-12 1.06333E-12 1.12445E-12 1.18563E-12 1.24708E-12 1.30830E-12 1.36969E-12 1.43125E-12 1.49229E-12 1.55329E-12 1.61466E-12 1.67571E-12 1.73633E-12 1.79764E-12 1.85902E-12 1.92022E-12 1.98103E-12 2.04233E-12 2.10374E-12 2.16446E-12 2.22560E-12 2.28661E-12 2.34764E-12 2.40892E-12 2.46998E-12 2.53128E-12 2.59222E-12 2.65379E-12 2.71508E-12 2.77636E-12 2.83747E-12 2.89845E-12 2.95940E-12 3.02093E-12 3.08156E-12 % lost data
7.97438E-02 7.97438E-02 7.97438E-02 7.97438E-02 7.97439E-02 7.97441E-02 7.97443E-02 7.97446E-02 7.97448E-02 7.97451E-02 7.97453E-02 7.97456E-02 7.97458E-02 7.97461E-02 7.97463E-02 7.97465E-02 7.97468E-02 7.97470E-02 7.97473E-02 7.97475E-02 7.97477E-02 7.97480E-02 7.97482E-02 7.97484E-02 7.97487E-02 7.97489E-02 7.97491E-02 7.97493E-02 7.97503E-02 7.97512E-02 7.97522E-02 7.97530E-02 7.97539E-02 7.97547E-02 7.97555E-02 7.97562E-02 7.97570E-02 7.97577E-02 7.97584E-02 7.97591E-02 7.97597E-02 7.97603E-02 7.97609E-02 7.97615E-02 7.97621E-02 7.97626E-02 7.97631E-02 7.97636E-02 7.97641E-02 7.97646E-02 7.97650E-02 7.97655E-02 7.97659E-02 7.97663E-02 7.97667E-02 7.97671E-02 7.97674E-02 7.97678E-02 7.97681E-02 7.97685E-02 7.97688E-02 7.97691E-02 7.97694E-02 7.97697E-02 7.97700E-02 7.97702E-02 7.97705E-02 7.97707E-02 7.97710E-02 7.97712E-02 7.97714E-02 7.97716E-02 % total
];

MAT_fuelsalt_MDENS = [
0.00000E+00 0.00000E+00 0.00000E+00 0.00000E+00 0.00000E+00 0.00000E+00 0.00000E+00 0.00000E+00 0.00000E+00 0.00000E+00 0.00000E+00 0.00000E+00 0.00000E+00 0.00000E+00 0.00000E+00 0.00000E+00 0.00000E+00 0.00000E+00 0.00000E+00 0.00000E+00 0.00000E+00 0.00000E+00 0.00000E+00 0.00000E+00 0.00000E+00 0.00000E+00 0.00000E+00 0.00000E+00 0.00000E+00 0.00000E+00 0.00000E+00 0.00000E+00 0.00000E+00 0.00000E+00 0.00000E+00 0.00000E+00 0.00000E+00 0.00000E+00 0.00000E+00 0.00000E+00 0.00000E+00 0.00000E+00 0.00000E+00 0.00000E+00 0.00000E+00 0.00000E+00 0.00000E+00 0.00000E+00 0.00000E+00 0.00000E+00 0.00000E+00 0.00000E+00 0.00000E+00 0.00000E+00 0.00000E+00 0.00000E+00 0.00000E+00 0.00000E+00 0.00000E+00 0.00000E+00 0.00000E+00 0.00000E+00 0.00000E+00 0.00000E+00 0.00000E+00 0.00000E+00 0.00000E+00 0.00000E+00 0.00000E+00 0.00000E+00 0.00000E+00 0.00000E+00 % lost data
3.35931E+00 3.35931E+00 3.35931E+00 3.35930E+00 3.35927E+00 3.35922E+00 3.35911E+00 3.35901E+00 3.35891E+00 3.35881E+00 3.35871E+00 3.35861E+00 3.35851E+00 3.35842E+00 3.35832E+00 3.35823E+00 3.35813E+00 3.35804E+00 3.35795E+00 3.35786E+00 3.35777E+00 3.35768E+00 3.35759E+00 3.35750E+00 3.35741E+00 3.35733E+00 3.35724E+00 3.35716E+00 3.35680E+00 3.35646E+00 3.35612E+00 3.35581E+00 3.35550E+00 3.35521E+00 3.35492E+00 3.35465E+00 3.35439E+00 3.35414E+00 3.35389E+00 3.35366E+00 3.35344E+00 3.35322E+00 3.35301E+00 3.35281E+00 3.35262E+00 3.35243E+00 3.35225E+00 3.35208E+00 3.35191E+00 3.35175E+00 3.35159E+00 3.35144E+00 3.35130E+00 3.35116E+00 3.35103E+00 3.35090E+00 3.35077E+00 3.35065E+00 3.35054E+00 3.35043E+00 3.35032E+00 3.35021E+00 3.35011E+00 3.35002E+00 3.34993E+00 3.34984E+00 3.34975E+00 3.34967E+00 3.34959E+00 3.34951E+00 3.34944E+00 3.34936E+00 % total
];

MAT_fuelsalt_A = [
0.00000E+00 0.00000E+00 0.00000E+00 0.00000E+00 0.00000E+00 0.00000E+00 0.00000E+00 0.00000E+00 0.00000E+00 0.00000E+00 0.00000E+00 0.00000E+00 0.00000E+00 0.00000E+00 0.00000E+00 0.00000E+00 0.00000E+00 0.00000E+00 0.00000E+00 0.00000E+00 0.00000E+00 0.00000E+00 0.00000E+00 0.00000E+00 0.00000E+00 0.00000E+00 0.00000E+00 0.00000E+00 0.00000E+00 0.00000E+00 0.00000E+00 0.00000E+00 0.00000E+00 0.00000E+00 0.00000E+00 0.00000E+00 0.00000E+00 0.00000E+00 0.00000E+00 0.00000E+00 0.00000E+00 0.00000E+00 0.00000E+00 0.00000E+00 0.00000E+00 0.00000E+00 0.00000E+00 0.00000E+00 0.00000E+00 0.00000E+00 0.00000E+00 0.00000E+00 0.00000E+00 0.00000E+00 0.00000E+00 0.00000E+00 0.00000E+00 0.00000E+00 0.00000E+00 0.00000E+00 0.00000E+00 0.00000E+00 0.00000E+00 0.00000E+00 0.00000E+00 0.00000E+00 0.00000E+00 0.00000E+00 0.00000E+00 0.00000E+00 0.00000E+00 0.00000E+00 % lost data
1.15956E+12 6.24551E+19 7.05767E+19 9.12559E+19 1.00622E+20 1.08117E+20 1.12641E+20 1.13642E+20 1.13878E+20 1.14018E+20 1.13815E+20 1.14008E+20 1.14558E+20 1.13988E+20 1.14171E+20 1.14112E+20 1.14099E+20 1.14101E+20 1.13957E+20 1.13899E+20 1.14035E+20 1.14016E+20 1.13678E+20 1.13634E+20 1.13960E+20 1.13736E+20 1.13631E+20 1.13688E+20 1.16278E+20 1.15920E+20 1.15450E+20 1.15211E+20 1.14718E+20 1.14722E+20 1.14814E+20 1.14472E+20 1.14563E+20 1.14591E+20 1.13888E+20 1.14118E+20 1.13650E+20 1.13744E+20 1.13428E+20 1.13860E+20 1.13442E+20 1.13572E+20 1.13216E+20 1.12983E+20 1.12903E+20 1.13186E+20 1.13262E+20 1.12959E+20 1.13445E+20 1.13062E+20 1.13127E+20 1.12865E+20 1.12790E+20 1.12960E+20 1.12583E+20 1.12556E+20 1.12589E+20 1.12700E+20 1.12497E+20 1.12922E+20 1.12566E+20 1.12612E+20 1.12445E+20 1.12841E+20 1.12930E+20 1.12509E+20 1.12497E+20 1.12242E+20 % total
];

