
ZAI = [
666
0
];

NAMES = [
'lost            '
'total           '
];

iLOST    = 1;
iTOT     = 2;

MAT_fuelsalt_VOLUME = [ 1.36700E+07 1.36700E+07 1.36700E+07 1.36700E+07 1.36700E+07 1.36700E+07 1.36700E+07 1.36700E+07 1.36700E+07 1.36700E+07 1.36700E+07 1.36700E+07 1.36700E+07 1.36700E+07 1.36700E+07 1.36700E+07 1.36700E+07 1.36700E+07 1.36700E+07 1.36700E+07 1.36700E+07 1.36700E+07 1.36700E+07 1.36700E+07 1.36700E+07 1.36700E+07 1.36700E+07 1.36700E+07 1.36700E+07 1.36700E+07 1.36700E+07 1.36700E+07 1.36700E+07 1.36700E+07 1.36700E+07 1.36700E+07 1.36700E+07 1.36700E+07 1.36700E+07 1.36700E+07 1.36700E+07 1.36700E+07 1.36700E+07 1.36700E+07 1.36700E+07 1.36700E+07 1.36700E+07 1.36700E+07 1.36700E+07 1.36700E+07 1.36700E+07 1.36700E+07 1.36700E+07 1.36700E+07 1.36700E+07 1.36700E+07 1.36700E+07 1.36700E+07 1.36700E+07 1.36700E+07 1.36700E+07 1.36700E+07 1.36700E+07 1.36700E+07 1.36700E+07 1.36700E+07 1.36700E+07 1.36700E+07 1.36700E+07 1.36700E+07 1.36700E+07 1.36700E+07 ];

MAT_fuelsalt_BURNUP = [ 0.00000E+00 0.00000E+00 0.00000E+00 0.00000E+00 0.00000E+00 0.00000E+00 0.00000E+00 0.00000E+00 0.00000E+00 0.00000E+00 0.00000E+00 0.00000E+00 0.00000E+00 0.00000E+00 0.00000E+00 0.00000E+00 0.00000E+00 0.00000E+00 0.00000E+00 0.00000E+00 0.00000E+00 0.00000E+00 0.00000E+00 0.00000E+00 0.00000E+00 0.00000E+00 0.00000E+00 0.00000E+00 0.00000E+00 0.00000E+00 0.00000E+00 0.00000E+00 0.00000E+00 0.00000E+00 0.00000E+00 0.00000E+00 0.00000E+00 0.00000E+00 0.00000E+00 0.00000E+00 0.00000E+00 0.00000E+00 0.00000E+00 0.00000E+00 0.00000E+00 0.00000E+00 0.00000E+00 0.00000E+00 0.00000E+00 0.00000E+00 0.00000E+00 0.00000E+00 0.00000E+00 0.00000E+00 0.00000E+00 0.00000E+00 0.00000E+00 0.00000E+00 0.00000E+00 0.00000E+00 0.00000E+00 0.00000E+00 0.00000E+00 0.00000E+00 0.00000E+00 0.00000E+00 0.00000E+00 0.00000E+00 0.00000E+00 0.00000E+00 0.00000E+00 0.00000E+00 ];

MAT_fuelsalt_ADENS = [
0.00000E+00 5.37436E-17 1.07784E-16 2.59910E-15 7.83197E-15 1.82448E-14 3.64600E-14 5.43525E-14 7.19570E-14 8.92186E-14 1.06380E-13 1.23277E-13 1.40125E-13 1.56843E-13 1.73536E-13 1.90216E-13 2.06778E-13 2.23313E-13 2.39752E-13 2.56189E-13 2.72525E-13 2.88914E-13 3.05229E-13 3.21433E-13 3.37709E-13 3.54090E-13 3.70383E-13 3.86621E-13 4.57147E-13 5.26858E-13 5.97161E-13 6.66703E-13 7.36453E-13 8.06045E-13 8.75420E-13 9.44891E-13 1.01419E-12 1.08386E-12 1.15350E-12 1.22250E-12 1.29224E-12 1.36130E-12 1.43102E-12 1.50040E-12 1.56952E-12 1.63874E-12 1.70817E-12 1.77746E-12 1.84706E-12 1.91664E-12 1.98609E-12 2.05568E-12 2.12522E-12 2.19468E-12 2.26377E-12 2.33294E-12 2.40243E-12 2.47206E-12 2.54147E-12 2.61113E-12 2.68062E-12 2.75018E-12 2.81951E-12 2.88938E-12 2.95881E-12 3.02817E-12 3.09771E-12 3.16714E-12 3.23653E-12 3.30619E-12 3.37557E-12 3.44510E-12 % lost data
7.97438E-02 7.97438E-02 7.97438E-02 7.97438E-02 7.97439E-02 7.97441E-02 7.97443E-02 7.97445E-02 7.97447E-02 7.97449E-02 7.97451E-02 7.97452E-02 7.97453E-02 7.97455E-02 7.97456E-02 7.97457E-02 7.97458E-02 7.97459E-02 7.97460E-02 7.97460E-02 7.97461E-02 7.97462E-02 7.97462E-02 7.97463E-02 7.97463E-02 7.97464E-02 7.97464E-02 7.97464E-02 7.97466E-02 7.97466E-02 7.97467E-02 7.97467E-02 7.97468E-02 7.97468E-02 7.97468E-02 7.97468E-02 7.97468E-02 7.97468E-02 7.97468E-02 7.97468E-02 7.97468E-02 7.97468E-02 7.97468E-02 7.97468E-02 7.97468E-02 7.97468E-02 7.97468E-02 7.97468E-02 7.97468E-02 7.97468E-02 7.97468E-02 7.97468E-02 7.97468E-02 7.97468E-02 7.97468E-02 7.97468E-02 7.97468E-02 7.97468E-02 7.97468E-02 7.97468E-02 7.97468E-02 7.97468E-02 7.97468E-02 7.97468E-02 7.97468E-02 7.97468E-02 7.97468E-02 7.97468E-02 7.97468E-02 7.97468E-02 7.97468E-02 7.97468E-02 % total
];

MAT_fuelsalt_MDENS = [
0.00000E+00 0.00000E+00 0.00000E+00 0.00000E+00 0.00000E+00 0.00000E+00 0.00000E+00 0.00000E+00 0.00000E+00 0.00000E+00 0.00000E+00 0.00000E+00 0.00000E+00 0.00000E+00 0.00000E+00 0.00000E+00 0.00000E+00 0.00000E+00 0.00000E+00 0.00000E+00 0.00000E+00 0.00000E+00 0.00000E+00 0.00000E+00 0.00000E+00 0.00000E+00 0.00000E+00 0.00000E+00 0.00000E+00 0.00000E+00 0.00000E+00 0.00000E+00 0.00000E+00 0.00000E+00 0.00000E+00 0.00000E+00 0.00000E+00 0.00000E+00 0.00000E+00 0.00000E+00 0.00000E+00 0.00000E+00 0.00000E+00 0.00000E+00 0.00000E+00 0.00000E+00 0.00000E+00 0.00000E+00 0.00000E+00 0.00000E+00 0.00000E+00 0.00000E+00 0.00000E+00 0.00000E+00 0.00000E+00 0.00000E+00 0.00000E+00 0.00000E+00 0.00000E+00 0.00000E+00 0.00000E+00 0.00000E+00 0.00000E+00 0.00000E+00 0.00000E+00 0.00000E+00 0.00000E+00 0.00000E+00 0.00000E+00 0.00000E+00 0.00000E+00 0.00000E+00 % lost data
3.35931E+00 3.35931E+00 3.35931E+00 3.35929E+00 3.35925E+00 3.35917E+00 3.35904E+00 3.35892E+00 3.35881E+00 3.35871E+00 3.35861E+00 3.35853E+00 3.35845E+00 3.35838E+00 3.35832E+00 3.35826E+00 3.35821E+00 3.35816E+00 3.35812E+00 3.35808E+00 3.35804E+00 3.35801E+00 3.35798E+00 3.35795E+00 3.35792E+00 3.35790E+00 3.35788E+00 3.35786E+00 3.35779E+00 3.35775E+00 3.35772E+00 3.35770E+00 3.35769E+00 3.35768E+00 3.35767E+00 3.35767E+00 3.35767E+00 3.35766E+00 3.35766E+00 3.35766E+00 3.35766E+00 3.35766E+00 3.35766E+00 3.35766E+00 3.35766E+00 3.35766E+00 3.35766E+00 3.35766E+00 3.35766E+00 3.35766E+00 3.35766E+00 3.35766E+00 3.35766E+00 3.35766E+00 3.35766E+00 3.35766E+00 3.35766E+00 3.35766E+00 3.35766E+00 3.35766E+00 3.35766E+00 3.35766E+00 3.35766E+00 3.35766E+00 3.35766E+00 3.35766E+00 3.35766E+00 3.35766E+00 3.35766E+00 3.35766E+00 3.35766E+00 3.35766E+00 % total
];

MAT_fuelsalt_A = [
0.00000E+00 0.00000E+00 0.00000E+00 0.00000E+00 0.00000E+00 0.00000E+00 0.00000E+00 0.00000E+00 0.00000E+00 0.00000E+00 0.00000E+00 0.00000E+00 0.00000E+00 0.00000E+00 0.00000E+00 0.00000E+00 0.00000E+00 0.00000E+00 0.00000E+00 0.00000E+00 0.00000E+00 0.00000E+00 0.00000E+00 0.00000E+00 0.00000E+00 0.00000E+00 0.00000E+00 0.00000E+00 0.00000E+00 0.00000E+00 0.00000E+00 0.00000E+00 0.00000E+00 0.00000E+00 0.00000E+00 0.00000E+00 0.00000E+00 0.00000E+00 0.00000E+00 0.00000E+00 0.00000E+00 0.00000E+00 0.00000E+00 0.00000E+00 0.00000E+00 0.00000E+00 0.00000E+00 0.00000E+00 0.00000E+00 0.00000E+00 0.00000E+00 0.00000E+00 0.00000E+00 0.00000E+00 0.00000E+00 0.00000E+00 0.00000E+00 0.00000E+00 0.00000E+00 0.00000E+00 0.00000E+00 0.00000E+00 0.00000E+00 0.00000E+00 0.00000E+00 0.00000E+00 0.00000E+00 0.00000E+00 0.00000E+00 0.00000E+00 0.00000E+00 0.00000E+00 % lost data
1.15956E+12 6.25070E+19 7.05885E+19 9.20705E+19 1.02227E+20 1.10959E+20 1.15890E+20 1.14348E+20 1.13124E+20 1.11751E+20 1.10522E+20 1.09960E+20 1.09175E+20 1.08609E+20 1.07960E+20 1.07457E+20 1.07520E+20 1.07039E+20 1.06497E+20 1.06211E+20 1.06071E+20 1.06021E+20 1.05530E+20 1.05458E+20 1.05126E+20 1.05151E+20 1.05233E+20 1.04845E+20 1.06308E+20 1.05542E+20 1.05038E+20 1.04710E+20 1.04690E+20 1.04457E+20 1.03937E+20 1.04081E+20 1.04303E+20 1.03829E+20 1.04164E+20 1.04065E+20 1.04147E+20 1.03784E+20 1.03981E+20 1.03907E+20 1.04065E+20 1.04332E+20 1.04018E+20 1.03761E+20 1.03979E+20 1.03768E+20 1.04351E+20 1.03955E+20 1.03960E+20 1.04065E+20 1.03847E+20 1.03938E+20 1.03791E+20 1.04176E+20 1.04041E+20 1.03940E+20 1.04058E+20 1.03903E+20 1.03860E+20 1.03915E+20 1.03917E+20 1.03804E+20 1.04173E+20 1.03872E+20 1.03930E+20 1.04076E+20 1.04029E+20 1.03660E+20 % total
];

