
ZAI = [
666
0
];

NAMES = [
'lost            '
'total           '
];

iLOST    = 1;
iTOT     = 2;

MAT_fuelsalt_VOLUME = [ 1.36700E+07 1.36700E+07 1.36700E+07 1.36700E+07 1.36700E+07 1.36700E+07 1.36700E+07 1.36700E+07 1.36700E+07 1.36700E+07 1.36700E+07 1.36700E+07 1.36700E+07 1.36700E+07 1.36700E+07 1.36700E+07 1.36700E+07 1.36700E+07 1.36700E+07 1.36700E+07 1.36700E+07 1.36700E+07 1.36700E+07 1.36700E+07 1.36700E+07 1.36700E+07 1.36700E+07 1.36700E+07 1.36700E+07 1.36700E+07 1.36700E+07 1.36700E+07 1.36700E+07 1.36700E+07 1.36700E+07 1.36700E+07 1.36700E+07 1.36700E+07 1.36700E+07 1.36700E+07 1.36700E+07 1.36700E+07 1.36700E+07 1.36700E+07 1.36700E+07 1.36700E+07 1.36700E+07 1.36700E+07 1.36700E+07 1.36700E+07 1.36700E+07 1.36700E+07 1.36700E+07 1.36700E+07 1.36700E+07 1.36700E+07 1.36700E+07 1.36700E+07 1.36700E+07 1.36700E+07 1.36700E+07 1.36700E+07 1.36700E+07 1.36700E+07 1.36700E+07 1.36700E+07 1.36700E+07 1.36700E+07 1.36700E+07 1.36700E+07 1.36700E+07 1.36700E+07 ];

MAT_fuelsalt_BURNUP = [ 0.00000E+00 0.00000E+00 0.00000E+00 0.00000E+00 0.00000E+00 0.00000E+00 0.00000E+00 0.00000E+00 0.00000E+00 0.00000E+00 0.00000E+00 0.00000E+00 0.00000E+00 0.00000E+00 0.00000E+00 0.00000E+00 0.00000E+00 0.00000E+00 0.00000E+00 0.00000E+00 0.00000E+00 0.00000E+00 0.00000E+00 0.00000E+00 0.00000E+00 0.00000E+00 0.00000E+00 0.00000E+00 0.00000E+00 0.00000E+00 0.00000E+00 0.00000E+00 0.00000E+00 0.00000E+00 0.00000E+00 0.00000E+00 0.00000E+00 0.00000E+00 0.00000E+00 0.00000E+00 0.00000E+00 0.00000E+00 0.00000E+00 0.00000E+00 0.00000E+00 0.00000E+00 0.00000E+00 0.00000E+00 0.00000E+00 0.00000E+00 0.00000E+00 0.00000E+00 0.00000E+00 0.00000E+00 0.00000E+00 0.00000E+00 0.00000E+00 0.00000E+00 0.00000E+00 0.00000E+00 0.00000E+00 0.00000E+00 0.00000E+00 0.00000E+00 0.00000E+00 0.00000E+00 0.00000E+00 0.00000E+00 0.00000E+00 0.00000E+00 0.00000E+00 0.00000E+00 ];

MAT_fuelsalt_ADENS = [
0.00000E+00 5.10605E-17 1.02451E-16 2.46540E-15 7.42669E-15 1.72988E-14 3.45484E-14 5.15053E-14 6.82250E-14 8.48125E-14 1.01208E-13 1.17476E-13 1.33641E-13 1.49605E-13 1.65545E-13 1.81321E-13 1.97008E-13 2.12630E-13 2.28088E-13 2.43591E-13 2.59039E-13 2.74338E-13 2.89501E-13 3.04719E-13 3.19883E-13 3.35058E-13 3.50166E-13 3.65133E-13 4.30368E-13 4.94533E-13 5.58948E-13 6.22442E-13 6.85862E-13 7.48841E-13 8.11610E-13 8.74206E-13 9.36657E-13 9.99239E-13 1.06163E-12 1.12336E-12 1.18524E-12 1.24713E-12 1.30920E-12 1.37120E-12 1.43323E-12 1.49494E-12 1.55686E-12 1.61854E-12 1.68018E-12 1.74242E-12 1.80403E-12 1.86603E-12 1.92731E-12 1.98899E-12 2.05060E-12 2.11238E-12 2.17398E-12 2.23542E-12 2.29672E-12 2.35841E-12 2.42014E-12 2.48174E-12 2.54349E-12 2.60502E-12 2.66662E-12 2.72801E-12 2.78972E-12 2.85104E-12 2.91244E-12 2.97390E-12 3.03529E-12 3.09663E-12 % lost data
6.51224E-02 6.51224E-02 6.51224E-02 6.51224E-02 6.51225E-02 6.51227E-02 6.51230E-02 6.51232E-02 6.51235E-02 6.51238E-02 6.51240E-02 6.51243E-02 6.51245E-02 6.51248E-02 6.51250E-02 6.51253E-02 6.51255E-02 6.51258E-02 6.51260E-02 6.51262E-02 6.51264E-02 6.51267E-02 6.51269E-02 6.51271E-02 6.51273E-02 6.51275E-02 6.51278E-02 6.51280E-02 6.51289E-02 6.51297E-02 6.51305E-02 6.51312E-02 6.51319E-02 6.51326E-02 6.51332E-02 6.51338E-02 6.51343E-02 6.51348E-02 6.51353E-02 6.51358E-02 6.51362E-02 6.51366E-02 6.51370E-02 6.51374E-02 6.51377E-02 6.51380E-02 6.51383E-02 6.51386E-02 6.51389E-02 6.51391E-02 6.51394E-02 6.51396E-02 6.51398E-02 6.51400E-02 6.51402E-02 6.51404E-02 6.51406E-02 6.51407E-02 6.51409E-02 6.51410E-02 6.51411E-02 6.51413E-02 6.51414E-02 6.51415E-02 6.51416E-02 6.51417E-02 6.51418E-02 6.51419E-02 6.51419E-02 6.51420E-02 6.51421E-02 6.51422E-02 % total
];

MAT_fuelsalt_MDENS = [
0.00000E+00 0.00000E+00 0.00000E+00 0.00000E+00 0.00000E+00 0.00000E+00 0.00000E+00 0.00000E+00 0.00000E+00 0.00000E+00 0.00000E+00 0.00000E+00 0.00000E+00 0.00000E+00 0.00000E+00 0.00000E+00 0.00000E+00 0.00000E+00 0.00000E+00 0.00000E+00 0.00000E+00 0.00000E+00 0.00000E+00 0.00000E+00 0.00000E+00 0.00000E+00 0.00000E+00 0.00000E+00 0.00000E+00 0.00000E+00 0.00000E+00 0.00000E+00 0.00000E+00 0.00000E+00 0.00000E+00 0.00000E+00 0.00000E+00 0.00000E+00 0.00000E+00 0.00000E+00 0.00000E+00 0.00000E+00 0.00000E+00 0.00000E+00 0.00000E+00 0.00000E+00 0.00000E+00 0.00000E+00 0.00000E+00 0.00000E+00 0.00000E+00 0.00000E+00 0.00000E+00 0.00000E+00 0.00000E+00 0.00000E+00 0.00000E+00 0.00000E+00 0.00000E+00 0.00000E+00 0.00000E+00 0.00000E+00 0.00000E+00 0.00000E+00 0.00000E+00 0.00000E+00 0.00000E+00 0.00000E+00 0.00000E+00 0.00000E+00 0.00000E+00 0.00000E+00 % lost data
3.28019E+00 3.28019E+00 3.28019E+00 3.28017E+00 3.28014E+00 3.28008E+00 3.27997E+00 3.27986E+00 3.27975E+00 3.27964E+00 3.27954E+00 3.27943E+00 3.27933E+00 3.27922E+00 3.27912E+00 3.27902E+00 3.27893E+00 3.27883E+00 3.27873E+00 3.27864E+00 3.27855E+00 3.27846E+00 3.27837E+00 3.27828E+00 3.27819E+00 3.27811E+00 3.27802E+00 3.27794E+00 3.27758E+00 3.27725E+00 3.27694E+00 3.27664E+00 3.27637E+00 3.27611E+00 3.27586E+00 3.27563E+00 3.27542E+00 3.27521E+00 3.27502E+00 3.27484E+00 3.27467E+00 3.27451E+00 3.27436E+00 3.27422E+00 3.27408E+00 3.27396E+00 3.27384E+00 3.27372E+00 3.27362E+00 3.27352E+00 3.27343E+00 3.27334E+00 3.27325E+00 3.27317E+00 3.27310E+00 3.27303E+00 3.27296E+00 3.27290E+00 3.27284E+00 3.27279E+00 3.27274E+00 3.27269E+00 3.27264E+00 3.27260E+00 3.27256E+00 3.27252E+00 3.27248E+00 3.27245E+00 3.27241E+00 3.27238E+00 3.27236E+00 3.27233E+00 % total
];

MAT_fuelsalt_A = [
0.00000E+00 0.00000E+00 0.00000E+00 0.00000E+00 0.00000E+00 0.00000E+00 0.00000E+00 0.00000E+00 0.00000E+00 0.00000E+00 0.00000E+00 0.00000E+00 0.00000E+00 0.00000E+00 0.00000E+00 0.00000E+00 0.00000E+00 0.00000E+00 0.00000E+00 0.00000E+00 0.00000E+00 0.00000E+00 0.00000E+00 0.00000E+00 0.00000E+00 0.00000E+00 0.00000E+00 0.00000E+00 0.00000E+00 0.00000E+00 0.00000E+00 0.00000E+00 0.00000E+00 0.00000E+00 0.00000E+00 0.00000E+00 0.00000E+00 0.00000E+00 0.00000E+00 0.00000E+00 0.00000E+00 0.00000E+00 0.00000E+00 0.00000E+00 0.00000E+00 0.00000E+00 0.00000E+00 0.00000E+00 0.00000E+00 0.00000E+00 0.00000E+00 0.00000E+00 0.00000E+00 0.00000E+00 0.00000E+00 0.00000E+00 0.00000E+00 0.00000E+00 0.00000E+00 0.00000E+00 0.00000E+00 0.00000E+00 0.00000E+00 0.00000E+00 0.00000E+00 0.00000E+00 0.00000E+00 0.00000E+00 0.00000E+00 0.00000E+00 0.00000E+00 0.00000E+00 % lost data
1.31843E+12 6.34104E+19 7.09662E+19 9.31509E+19 1.02820E+20 1.09895E+20 1.13912E+20 1.14729E+20 1.14746E+20 1.14619E+20 1.14581E+20 1.14477E+20 1.14059E+20 1.13886E+20 1.13589E+20 1.13523E+20 1.13070E+20 1.13148E+20 1.12767E+20 1.12652E+20 1.12688E+20 1.12503E+20 1.12209E+20 1.11839E+20 1.11934E+20 1.11827E+20 1.11774E+20 1.11435E+20 1.14646E+20 1.14247E+20 1.13417E+20 1.12540E+20 1.11956E+20 1.11279E+20 1.10816E+20 1.10871E+20 1.10153E+20 1.09907E+20 1.09678E+20 1.09460E+20 1.09111E+20 1.09143E+20 1.08759E+20 1.08354E+20 1.08402E+20 1.08210E+20 1.08146E+20 1.07809E+20 1.07622E+20 1.08107E+20 1.07556E+20 1.07707E+20 1.07340E+20 1.07359E+20 1.07427E+20 1.07229E+20 1.07085E+20 1.07078E+20 1.07056E+20 1.07060E+20 1.06614E+20 1.06651E+20 1.06824E+20 1.06821E+20 1.06732E+20 1.06555E+20 1.06778E+20 1.06713E+20 1.06791E+20 1.06844E+20 1.06708E+20 1.06488E+20 % total
];

