
nuc(   1, :) = '   4009.09c';
nuc(   2, :) = '   5010.09c';
nuc(   3, :) = '   5011.09c';
nuc(   4, :) = '   6000.09c';
nuc(   5, :) = '   6000.09s';
nuc(   6, :) = '   9019.09c';
nuc(   7, :) = '  11023.09c';
nuc(   8, :) = '  90232.09c';
nuc(   9, :) = '  92234.09c';
nuc(  10, :) = '  92235.09c';
nuc(  11, :) = '  92236.09c';
nuc(  12, :) = '  92238.09c';

% ----- Analog nuclide-wise reaction rate estimates

rr = [
   1   40090    2  1.00000E-11  2.00000E+01  2.85126E+19 0.00208  %   4009.09c mt 2
   1   40090   16  1.74883E+00  2.00000E+01  3.74723E+16 0.04514  %   4009.09c mt 16
   1   40090  102  1.00000E-11  2.00000E+01  9.02172E+15 0.09507  %   4009.09c mt 102
   1   40090  103  1.42660E+01  2.00000E+01  0.00000E+00 0.00000  %   4009.09c mt 103
   1   40090  104  1.63008E+01  2.00000E+01  0.00000E+00 0.00000  %   4009.09c mt 104
   1   40090  105  1.16085E+01  2.00000E+01  0.00000E+00 0.00000  %   4009.09c mt 105
   1   40090  107  6.67153E-01  2.00000E+01  1.45592E+16 0.07650  %   4009.09c mt 107
   2   50100    2  1.00000E-11  2.00000E+01  5.19609E+16 0.05891  %   5010.09c mt 2
   2   50100   51  7.90714E-01  2.00000E+01  2.62854E+14 0.57170  %   5010.09c mt 51
   2   50100   52  1.91545E+00  2.00000E+01  0.00000E+00 0.00000  %   5010.09c mt 52
   2   50100   53  2.37132E+00  2.00000E+01  8.72089E+13 1.00000  %   5010.09c mt 53
   2   50100   54  3.94845E+00  2.00000E+01  0.00000E+00 0.00000  %   5010.09c mt 54
   2   50100   55  5.25491E+00  2.00000E+01  0.00000E+00 0.00000  %   5010.09c mt 55
   2   50100   56  5.62509E+00  2.00000E+01  0.00000E+00 0.00000  %   5010.09c mt 56
   2   50100   57  5.68409E+00  2.00000E+01  0.00000E+00 0.00000  %   5010.09c mt 57
   2   50100   58  5.70181E+00  2.00000E+01  0.00000E+00 0.00000  %   5010.09c mt 58
   2   50100   59  6.51581E+00  2.00000E+01  8.21271E+13 1.00000  %   5010.09c mt 59
   2   50100   60  6.63194E+00  2.00000E+01  0.00000E+00 0.00000  %   5010.09c mt 60
   2   50100   61  6.74443E+00  2.00000E+01  0.00000E+00 0.00000  %   5010.09c mt 61
   2   50100   62  7.15500E+00  2.00000E+01  0.00000E+00 0.00000  %   5010.09c mt 62
   2   50100   63  7.70515E+00  2.00000E+01  0.00000E+00 0.00000  %   5010.09c mt 63
   2   50100   64  8.25600E+00  2.00000E+01  0.00000E+00 0.00000  %   5010.09c mt 64
   2   50100   65  8.80600E+00  2.00000E+01  0.00000E+00 0.00000  %   5010.09c mt 65
   2   50100   66  9.35626E+00  2.00000E+01  0.00000E+00 0.00000  %   5010.09c mt 66
   2   50100   67  9.90700E+00  2.00000E+01  0.00000E+00 0.00000  %   5010.09c mt 67
   2   50100   68  1.04570E+01  2.00000E+01  0.00000E+00 0.00000  %   5010.09c mt 68
   2   50100   69  1.10074E+01  2.00000E+01  0.00000E+00 0.00000  %   5010.09c mt 69
   2   50100   70  1.15580E+01  2.00000E+01  0.00000E+00 0.00000  %   5010.09c mt 70
   2   50100   71  1.21081E+01  2.00000E+01  0.00000E+00 0.00000  %   5010.09c mt 71
   2   50100   72  1.26585E+01  2.00000E+01  0.00000E+00 0.00000  %   5010.09c mt 72
   2   50100   73  1.32090E+01  2.00000E+01  0.00000E+00 0.00000  %   5010.09c mt 73
   2   50100   74  1.37592E+01  2.00000E+01  0.00000E+00 0.00000  %   5010.09c mt 74
   2   50100   75  1.43100E+01  2.00000E+01  0.00000E+00 0.00000  %   5010.09c mt 75
   2   50100   76  1.48600E+01  2.00000E+01  0.00000E+00 0.00000  %   5010.09c mt 76
   2   50100   77  1.54103E+01  2.00000E+01  0.00000E+00 0.00000  %   5010.09c mt 77
   2   50100   78  1.59610E+01  2.00000E+01  0.00000E+00 0.00000  %   5010.09c mt 78
   2   50100   79  1.65111E+01  2.00000E+01  0.00000E+00 0.00000  %   5010.09c mt 79
   2   50100   80  1.70614E+01  2.00000E+01  0.00000E+00 0.00000  %   5010.09c mt 80
   2   50100   81  1.76120E+01  2.00000E+01  0.00000E+00 0.00000  %   5010.09c mt 81
   2   50100   82  1.81622E+01  2.00000E+01  0.00000E+00 0.00000  %   5010.09c mt 82
   2   50100   83  1.87130E+01  2.00000E+01  0.00000E+00 0.00000  %   5010.09c mt 83
   2   50100   84  1.92630E+01  2.00000E+01  0.00000E+00 0.00000  %   5010.09c mt 84
   2   50100   85  1.98133E+01  2.00000E+01  0.00000E+00 0.00000  %   5010.09c mt 85
   2   50100  102  1.00000E-11  9.99440E-01  2.68416E+14 0.74689  %   5010.09c mt 102
   2   50100  103  1.00000E-11  2.00000E+01  0.00000E+00 0.00000  %   5010.09c mt 103
   2   50100  104  4.80031E+00  2.00000E+01  0.00000E+00 0.00000  %   5010.09c mt 104
   2   50100  107  1.00000E-11  2.00000E+01  1.99930E+18 0.00734  %   5010.09c mt 107
   2   50100  113  1.00000E-11  2.00000E+01  1.74668E+14 0.70364  %   5010.09c mt 113
   3   50110    2  1.00000E-11  2.00000E+01  2.96922E+17 0.04942  %   5011.09c mt 2
   3   50110   16  1.25036E+01  2.00000E+01  0.00000E+00 0.00000  %   5011.09c mt 16
   3   50110   22  9.45750E+00  2.00000E+01  0.00000E+00 0.00000  %   5011.09c mt 22
   3   50110   28  1.22567E+01  2.00000E+01  0.00000E+00 0.00000  %   5011.09c mt 28
   3   50110   51  2.31935E+00  2.00000E+01  1.76834E+14 0.70356  %   5011.09c mt 51
   3   50110   52  4.85213E+00  2.00000E+01  2.61980E+14 0.57167  %   5011.09c mt 52
   3   50110   53  5.48027E+00  2.00000E+01  0.00000E+00 0.00000  %   5011.09c mt 53
   3   50110   54  7.36070E+00  2.00000E+01  0.00000E+00 0.00000  %   5011.09c mt 54
   3   50110   55  7.41410E+00  2.00000E+01  0.00000E+00 0.00000  %   5011.09c mt 55
   3   50110   56  7.95301E+00  2.00000E+01  0.00000E+00 0.00000  %   5011.09c mt 56
   3   50110   57  8.70880E+00  2.00000E+01  0.00000E+00 0.00000  %   5011.09c mt 57
   3   50110   58  9.34460E+00  2.00000E+01  0.00000E+00 0.00000  %   5011.09c mt 58
   3   50110   59  9.73750E+00  2.00000E+01  0.00000E+00 0.00000  %   5011.09c mt 59
   3   50110   60  1.00270E+01  2.00000E+01  0.00000E+00 0.00000  %   5011.09c mt 60
   3   50110   91  1.00270E+01  2.00000E+01  0.00000E+00 0.00000  %   5011.09c mt 91
   3   50110  102  1.00000E-11  2.00000E+01  0.00000E+00 0.00000  %   5011.09c mt 102
   3   50110  103  1.17062E+01  2.00000E+01  0.00000E+00 0.00000  %   5011.09c mt 103
   3   50110  105  1.04340E+01  2.00000E+01  0.00000E+00 0.00000  %   5011.09c mt 105
   3   50110  107  7.23850E+00  2.00000E+01  0.00000E+00 0.00000  %   5011.09c mt 107
   4   60000    2  1.00000E-11  2.00000E+01  8.85664E+16 0.05702  %   6000.09c mt 2
   4   60000    5  2.00000E+01  2.00000E+01  0.00000E+00 0.00000  %   6000.09c mt 5
   4   60000   28  1.72982E+01  2.00000E+01  0.00000E+00 0.00000  %   6000.09c mt 28
   4   60000   51  4.81209E+00  2.00000E+01  0.00000E+00 0.00000  %   6000.09c mt 51
   4   60000   52  8.29622E+00  2.00000E+01  0.00000E+00 0.00000  %   6000.09c mt 52
   4   60000   53  1.04481E+01  2.00000E+01  0.00000E+00 0.00000  %   6000.09c mt 53
   4   60000   54  1.17080E+01  2.00000E+01  0.00000E+00 0.00000  %   6000.09c mt 54
   4   60000   55  1.27920E+01  2.00000E+01  0.00000E+00 0.00000  %   6000.09c mt 55
   4   60000   56  1.37674E+01  2.00000E+01  0.00000E+00 0.00000  %   6000.09c mt 56
   4   60000   57  1.45000E+01  2.00000E+01  0.00000E+00 0.00000  %   6000.09c mt 57
   4   60000   58  1.52634E+01  2.00000E+01  0.00000E+00 0.00000  %   6000.09c mt 58
   4   60000   59  1.63474E+01  2.00000E+01  0.00000E+00 0.00000  %   6000.09c mt 59
   4   60000   60  1.74315E+01  2.00000E+01  0.00000E+00 0.00000  %   6000.09c mt 60
   4   60000   61  1.85160E+01  2.00000E+01  0.00000E+00 0.00000  %   6000.09c mt 61
   4   60000   62  1.96000E+01  2.00000E+01  0.00000E+00 0.00000  %   6000.09c mt 62
   4   60000   91  7.88645E+00  2.00000E+01  0.00000E+00 0.00000  %   6000.09c mt 91
   4   60000  102  1.00000E-11  2.00000E+01  0.00000E+00 0.00000  %   6000.09c mt 102
   4   60000  103  1.44720E+01  2.00000E+01  0.00000E+00 0.00000  %   6000.09c mt 103
   4   60000  104  1.52630E+01  2.00000E+01  0.00000E+00 0.00000  %   6000.09c mt 104
   4   60000  107  6.18124E+00  2.00000E+01  0.00000E+00 0.00000  %   6000.09c mt 107
   5   60000    2  1.00000E-11  2.00000E+01  3.10316E+21 0.00163  %   6000.09s mt 2
   5   60000    5  2.00000E+01  2.00000E+01  0.00000E+00 0.00000  %   6000.09s mt 5
