
ZAI = [
666
0
];

NAMES = [
'lost            '
'total           '
];

iLOST    = 1;
iTOT     = 2;

MAT_fuelsalt_VOLUME = [ 1.36700E+07 1.36700E+07 1.36700E+07 1.36700E+07 1.36700E+07 1.36700E+07 1.36700E+07 1.36700E+07 1.36700E+07 1.36700E+07 1.36700E+07 1.36700E+07 1.36700E+07 1.36700E+07 1.36700E+07 1.36700E+07 1.36700E+07 1.36700E+07 1.36700E+07 1.36700E+07 1.36700E+07 1.36700E+07 1.36700E+07 1.36700E+07 1.36700E+07 1.36700E+07 1.36700E+07 1.36700E+07 1.36700E+07 1.36700E+07 1.36700E+07 1.36700E+07 1.36700E+07 1.36700E+07 1.36700E+07 1.36700E+07 1.36700E+07 1.36700E+07 1.36700E+07 1.36700E+07 1.36700E+07 1.36700E+07 1.36700E+07 1.36700E+07 1.36700E+07 1.36700E+07 1.36700E+07 1.36700E+07 1.36700E+07 1.36700E+07 1.36700E+07 1.36700E+07 1.36700E+07 1.36700E+07 1.36700E+07 1.36700E+07 1.36700E+07 1.36700E+07 1.36700E+07 1.36700E+07 1.36700E+07 1.36700E+07 1.36700E+07 1.36700E+07 1.36700E+07 1.36700E+07 1.36700E+07 1.36700E+07 1.36700E+07 1.36700E+07 1.36700E+07 1.36700E+07 ];

MAT_fuelsalt_BURNUP = [ 0.00000E+00 0.00000E+00 0.00000E+00 0.00000E+00 0.00000E+00 0.00000E+00 0.00000E+00 0.00000E+00 0.00000E+00 0.00000E+00 0.00000E+00 0.00000E+00 0.00000E+00 0.00000E+00 0.00000E+00 0.00000E+00 0.00000E+00 0.00000E+00 0.00000E+00 0.00000E+00 0.00000E+00 0.00000E+00 0.00000E+00 0.00000E+00 0.00000E+00 0.00000E+00 0.00000E+00 0.00000E+00 0.00000E+00 0.00000E+00 0.00000E+00 0.00000E+00 0.00000E+00 0.00000E+00 0.00000E+00 0.00000E+00 0.00000E+00 0.00000E+00 0.00000E+00 0.00000E+00 0.00000E+00 0.00000E+00 0.00000E+00 0.00000E+00 0.00000E+00 0.00000E+00 0.00000E+00 0.00000E+00 0.00000E+00 0.00000E+00 0.00000E+00 0.00000E+00 0.00000E+00 0.00000E+00 0.00000E+00 0.00000E+00 0.00000E+00 0.00000E+00 0.00000E+00 0.00000E+00 0.00000E+00 0.00000E+00 0.00000E+00 0.00000E+00 0.00000E+00 0.00000E+00 0.00000E+00 0.00000E+00 0.00000E+00 0.00000E+00 0.00000E+00 0.00000E+00 ];

MAT_fuelsalt_ADENS = [
0.00000E+00 5.39141E-17 1.07459E-16 2.58047E-15 7.71620E-15 1.80523E-14 3.60203E-14 5.36285E-14 7.10020E-14 8.80437E-14 1.04923E-13 1.21613E-13 1.38191E-13 1.54508E-13 1.70812E-13 1.86742E-13 2.02678E-13 2.18548E-13 2.34237E-13 2.49848E-13 2.65399E-13 2.80842E-13 2.96145E-13 3.11487E-13 3.26659E-13 3.41876E-13 3.56980E-13 3.71929E-13 4.36284E-13 4.99417E-13 5.62529E-13 6.24826E-13 6.86868E-13 7.48255E-13 8.09370E-13 8.70444E-13 9.30772E-13 9.91689E-13 1.05266E-12 1.11260E-12 1.17292E-12 1.23366E-12 1.29415E-12 1.35386E-12 1.41387E-12 1.47369E-12 1.53394E-12 1.59337E-12 1.65351E-12 1.71363E-12 1.77339E-12 1.83312E-12 1.89322E-12 1.95284E-12 2.01248E-12 2.07224E-12 2.13217E-12 2.19196E-12 2.25168E-12 2.31160E-12 2.37183E-12 2.43150E-12 2.49147E-12 2.55124E-12 2.61137E-12 2.67120E-12 2.73064E-12 2.79026E-12 2.85019E-12 2.91118E-12 2.97163E-12 3.03198E-12 % lost data
7.97438E-02 7.97438E-02 7.97438E-02 7.97438E-02 7.97439E-02 7.97441E-02 7.97443E-02 7.97446E-02 7.97448E-02 7.97451E-02 7.97453E-02 7.97456E-02 7.97459E-02 7.97461E-02 7.97464E-02 7.97466E-02 7.97469E-02 7.97471E-02 7.97474E-02 7.97477E-02 7.97479E-02 7.97482E-02 7.97484E-02 7.97487E-02 7.97489E-02 7.97492E-02 7.97494E-02 7.97497E-02 7.97508E-02 7.97519E-02 7.97530E-02 7.97541E-02 7.97551E-02 7.97562E-02 7.97572E-02 7.97583E-02 7.97593E-02 7.97603E-02 7.97613E-02 7.97623E-02 7.97633E-02 7.97642E-02 7.97652E-02 7.97661E-02 7.97671E-02 7.97680E-02 7.97689E-02 7.97698E-02 7.97707E-02 7.97716E-02 7.97725E-02 7.97733E-02 7.97742E-02 7.97750E-02 7.97758E-02 7.97766E-02 7.97775E-02 7.97782E-02 7.97790E-02 7.97798E-02 7.97806E-02 7.97813E-02 7.97821E-02 7.97828E-02 7.97836E-02 7.97843E-02 7.97850E-02 7.97857E-02 7.97864E-02 7.97871E-02 7.97878E-02 7.97884E-02 % total
];

MAT_fuelsalt_MDENS = [
0.00000E+00 0.00000E+00 0.00000E+00 0.00000E+00 0.00000E+00 0.00000E+00 0.00000E+00 0.00000E+00 0.00000E+00 0.00000E+00 0.00000E+00 0.00000E+00 0.00000E+00 0.00000E+00 0.00000E+00 0.00000E+00 0.00000E+00 0.00000E+00 0.00000E+00 0.00000E+00 0.00000E+00 0.00000E+00 0.00000E+00 0.00000E+00 0.00000E+00 0.00000E+00 0.00000E+00 0.00000E+00 0.00000E+00 0.00000E+00 0.00000E+00 0.00000E+00 0.00000E+00 0.00000E+00 0.00000E+00 0.00000E+00 0.00000E+00 0.00000E+00 0.00000E+00 0.00000E+00 0.00000E+00 0.00000E+00 0.00000E+00 0.00000E+00 0.00000E+00 0.00000E+00 0.00000E+00 0.00000E+00 0.00000E+00 0.00000E+00 0.00000E+00 0.00000E+00 0.00000E+00 0.00000E+00 0.00000E+00 0.00000E+00 0.00000E+00 0.00000E+00 0.00000E+00 0.00000E+00 0.00000E+00 0.00000E+00 0.00000E+00 0.00000E+00 0.00000E+00 0.00000E+00 0.00000E+00 0.00000E+00 0.00000E+00 0.00000E+00 0.00000E+00 0.00000E+00 % lost data
3.35931E+00 3.35931E+00 3.35931E+00 3.35930E+00 3.35927E+00 3.35922E+00 3.35911E+00 3.35901E+00 3.35891E+00 3.35880E+00 3.35870E+00 3.35860E+00 3.35850E+00 3.35840E+00 3.35830E+00 3.35820E+00 3.35810E+00 3.35800E+00 3.35790E+00 3.35780E+00 3.35770E+00 3.35760E+00 3.35751E+00 3.35741E+00 3.35731E+00 3.35722E+00 3.35712E+00 3.35703E+00 3.35662E+00 3.35621E+00 3.35581E+00 3.35542E+00 3.35504E+00 3.35466E+00 3.35428E+00 3.35391E+00 3.35355E+00 3.35319E+00 3.35284E+00 3.35249E+00 3.35215E+00 3.35181E+00 3.35148E+00 3.35115E+00 3.35083E+00 3.35051E+00 3.35019E+00 3.34988E+00 3.34957E+00 3.34927E+00 3.34897E+00 3.34867E+00 3.34838E+00 3.34809E+00 3.34781E+00 3.34753E+00 3.34725E+00 3.34698E+00 3.34671E+00 3.34645E+00 3.34619E+00 3.34593E+00 3.34567E+00 3.34542E+00 3.34517E+00 3.34493E+00 3.34468E+00 3.34444E+00 3.34421E+00 3.34398E+00 3.34374E+00 3.34352E+00 % total
];

MAT_fuelsalt_A = [
0.00000E+00 0.00000E+00 0.00000E+00 0.00000E+00 0.00000E+00 0.00000E+00 0.00000E+00 0.00000E+00 0.00000E+00 0.00000E+00 0.00000E+00 0.00000E+00 0.00000E+00 0.00000E+00 0.00000E+00 0.00000E+00 0.00000E+00 0.00000E+00 0.00000E+00 0.00000E+00 0.00000E+00 0.00000E+00 0.00000E+00 0.00000E+00 0.00000E+00 0.00000E+00 0.00000E+00 0.00000E+00 0.00000E+00 0.00000E+00 0.00000E+00 0.00000E+00 0.00000E+00 0.00000E+00 0.00000E+00 0.00000E+00 0.00000E+00 0.00000E+00 0.00000E+00 0.00000E+00 0.00000E+00 0.00000E+00 0.00000E+00 0.00000E+00 0.00000E+00 0.00000E+00 0.00000E+00 0.00000E+00 0.00000E+00 0.00000E+00 0.00000E+00 0.00000E+00 0.00000E+00 0.00000E+00 0.00000E+00 0.00000E+00 0.00000E+00 0.00000E+00 0.00000E+00 0.00000E+00 0.00000E+00 0.00000E+00 0.00000E+00 0.00000E+00 0.00000E+00 0.00000E+00 0.00000E+00 0.00000E+00 0.00000E+00 0.00000E+00 0.00000E+00 0.00000E+00 % lost data
1.15956E+12 6.25658E+19 7.05749E+19 9.13742E+19 1.00507E+20 1.07789E+20 1.12492E+20 1.13547E+20 1.14379E+20 1.14175E+20 1.13866E+20 1.14188E+20 1.14412E+20 1.14158E+20 1.14446E+20 1.14617E+20 1.14417E+20 1.14535E+20 1.14304E+20 1.14237E+20 1.14057E+20 1.14133E+20 1.14282E+20 1.13959E+20 1.14095E+20 1.14220E+20 1.14195E+20 1.14166E+20 1.16906E+20 1.16209E+20 1.16355E+20 1.16060E+20 1.16021E+20 1.15618E+20 1.15695E+20 1.15550E+20 1.15353E+20 1.15104E+20 1.14898E+20 1.15243E+20 1.14910E+20 1.14996E+20 1.14323E+20 1.14529E+20 1.14232E+20 1.13860E+20 1.14416E+20 1.14157E+20 1.14434E+20 1.13609E+20 1.14293E+20 1.14273E+20 1.13959E+20 1.13773E+20 1.13576E+20 1.13731E+20 1.13207E+20 1.13586E+20 1.13848E+20 1.13803E+20 1.13191E+20 1.13227E+20 1.13019E+20 1.13648E+20 1.13383E+20 1.13082E+20 1.13214E+20 1.13065E+20 1.13223E+20 1.13251E+20 1.12835E+20 1.13341E+20 % total
];

