
ZAI = [
666
0
];

NAMES = [
'lost            '
'total           '
];

iLOST    = 1;
iTOT     = 2;

MAT_fuelsalt_VOLUME = [ 1.36700E+07 1.36700E+07 1.36700E+07 1.36700E+07 1.36700E+07 1.36700E+07 1.36700E+07 1.36700E+07 1.36700E+07 1.36700E+07 1.36700E+07 1.36700E+07 1.36700E+07 1.36700E+07 1.36700E+07 1.36700E+07 1.36700E+07 1.36700E+07 1.36700E+07 1.36700E+07 1.36700E+07 1.36700E+07 1.36700E+07 1.36700E+07 1.36700E+07 1.36700E+07 1.36700E+07 1.36700E+07 1.36700E+07 1.36700E+07 1.36700E+07 1.36700E+07 1.36700E+07 1.36700E+07 1.36700E+07 1.36700E+07 1.36700E+07 1.36700E+07 1.36700E+07 1.36700E+07 1.36700E+07 1.36700E+07 1.36700E+07 1.36700E+07 1.36700E+07 1.36700E+07 1.36700E+07 1.36700E+07 1.36700E+07 1.36700E+07 1.36700E+07 1.36700E+07 1.36700E+07 1.36700E+07 1.36700E+07 1.36700E+07 1.36700E+07 1.36700E+07 1.36700E+07 1.36700E+07 1.36700E+07 1.36700E+07 1.36700E+07 1.36700E+07 1.36700E+07 1.36700E+07 1.36700E+07 1.36700E+07 1.36700E+07 1.36700E+07 1.36700E+07 1.36700E+07 ];

MAT_fuelsalt_BURNUP = [ 0.00000E+00 0.00000E+00 0.00000E+00 0.00000E+00 0.00000E+00 0.00000E+00 0.00000E+00 0.00000E+00 0.00000E+00 0.00000E+00 0.00000E+00 0.00000E+00 0.00000E+00 0.00000E+00 0.00000E+00 0.00000E+00 0.00000E+00 0.00000E+00 0.00000E+00 0.00000E+00 0.00000E+00 0.00000E+00 0.00000E+00 0.00000E+00 0.00000E+00 0.00000E+00 0.00000E+00 0.00000E+00 0.00000E+00 0.00000E+00 0.00000E+00 0.00000E+00 0.00000E+00 0.00000E+00 0.00000E+00 0.00000E+00 0.00000E+00 0.00000E+00 0.00000E+00 0.00000E+00 0.00000E+00 0.00000E+00 0.00000E+00 0.00000E+00 0.00000E+00 0.00000E+00 0.00000E+00 0.00000E+00 0.00000E+00 0.00000E+00 0.00000E+00 0.00000E+00 0.00000E+00 0.00000E+00 0.00000E+00 0.00000E+00 0.00000E+00 0.00000E+00 0.00000E+00 0.00000E+00 0.00000E+00 0.00000E+00 0.00000E+00 0.00000E+00 0.00000E+00 0.00000E+00 0.00000E+00 0.00000E+00 0.00000E+00 0.00000E+00 0.00000E+00 0.00000E+00 ];

MAT_fuelsalt_ADENS = [
0.00000E+00 5.43259E-17 1.08313E-16 2.57948E-15 7.79211E-15 1.81223E-14 3.60925E-14 5.38166E-14 7.12578E-14 8.83669E-14 1.05383E-13 1.22092E-13 1.38640E-13 1.55155E-13 1.71429E-13 1.87536E-13 2.03514E-13 2.19482E-13 2.35069E-13 2.50716E-13 2.66332E-13 2.81837E-13 2.97210E-13 3.12585E-13 3.27831E-13 3.42950E-13 3.58081E-13 3.73200E-13 4.38401E-13 5.02725E-13 5.65761E-13 6.28364E-13 6.90710E-13 7.53204E-13 8.15400E-13 8.76935E-13 9.38355E-13 9.99857E-13 1.06129E-12 1.12224E-12 1.18317E-12 1.24518E-12 1.30602E-12 1.36708E-12 1.42799E-12 1.48898E-12 1.55054E-12 1.61136E-12 1.67241E-12 1.73350E-12 1.79370E-12 1.85455E-12 1.91518E-12 1.97577E-12 2.03655E-12 2.09765E-12 2.15924E-12 2.21967E-12 2.28060E-12 2.34179E-12 2.40247E-12 2.46332E-12 2.52481E-12 2.58653E-12 2.64779E-12 2.70802E-12 2.76871E-12 2.82934E-12 2.89067E-12 2.95157E-12 3.01246E-12 3.07410E-12 % lost data
7.97438E-02 7.97438E-02 7.97438E-02 7.97438E-02 7.97439E-02 7.97441E-02 7.97443E-02 7.97446E-02 7.97448E-02 7.97451E-02 7.97453E-02 7.97456E-02 7.97458E-02 7.97461E-02 7.97463E-02 7.97465E-02 7.97468E-02 7.97470E-02 7.97473E-02 7.97475E-02 7.97477E-02 7.97480E-02 7.97482E-02 7.97484E-02 7.97487E-02 7.97489E-02 7.97491E-02 7.97494E-02 7.97503E-02 7.97513E-02 7.97522E-02 7.97530E-02 7.97539E-02 7.97547E-02 7.97555E-02 7.97563E-02 7.97570E-02 7.97578E-02 7.97584E-02 7.97591E-02 7.97598E-02 7.97604E-02 7.97610E-02 7.97616E-02 7.97622E-02 7.97627E-02 7.97632E-02 7.97637E-02 7.97642E-02 7.97647E-02 7.97652E-02 7.97656E-02 7.97661E-02 7.97665E-02 7.97669E-02 7.97673E-02 7.97676E-02 7.97680E-02 7.97683E-02 7.97687E-02 7.97690E-02 7.97693E-02 7.97696E-02 7.97699E-02 7.97702E-02 7.97704E-02 7.97707E-02 7.97710E-02 7.97712E-02 7.97714E-02 7.97717E-02 7.97719E-02 % total
];

MAT_fuelsalt_MDENS = [
0.00000E+00 0.00000E+00 0.00000E+00 0.00000E+00 0.00000E+00 0.00000E+00 0.00000E+00 0.00000E+00 0.00000E+00 0.00000E+00 0.00000E+00 0.00000E+00 0.00000E+00 0.00000E+00 0.00000E+00 0.00000E+00 0.00000E+00 0.00000E+00 0.00000E+00 0.00000E+00 0.00000E+00 0.00000E+00 0.00000E+00 0.00000E+00 0.00000E+00 0.00000E+00 0.00000E+00 0.00000E+00 0.00000E+00 0.00000E+00 0.00000E+00 0.00000E+00 0.00000E+00 0.00000E+00 0.00000E+00 0.00000E+00 0.00000E+00 0.00000E+00 0.00000E+00 0.00000E+00 0.00000E+00 0.00000E+00 0.00000E+00 0.00000E+00 0.00000E+00 0.00000E+00 0.00000E+00 0.00000E+00 0.00000E+00 0.00000E+00 0.00000E+00 0.00000E+00 0.00000E+00 0.00000E+00 0.00000E+00 0.00000E+00 0.00000E+00 0.00000E+00 0.00000E+00 0.00000E+00 0.00000E+00 0.00000E+00 0.00000E+00 0.00000E+00 0.00000E+00 0.00000E+00 0.00000E+00 0.00000E+00 0.00000E+00 0.00000E+00 0.00000E+00 0.00000E+00 % lost data
3.35931E+00 3.35931E+00 3.35931E+00 3.35930E+00 3.35927E+00 3.35922E+00 3.35911E+00 3.35901E+00 3.35891E+00 3.35881E+00 3.35871E+00 3.35861E+00 3.35851E+00 3.35842E+00 3.35832E+00 3.35823E+00 3.35813E+00 3.35804E+00 3.35795E+00 3.35786E+00 3.35777E+00 3.35768E+00 3.35759E+00 3.35750E+00 3.35741E+00 3.35733E+00 3.35724E+00 3.35716E+00 3.35680E+00 3.35645E+00 3.35612E+00 3.35580E+00 3.35549E+00 3.35520E+00 3.35491E+00 3.35464E+00 3.35438E+00 3.35412E+00 3.35388E+00 3.35364E+00 3.35342E+00 3.35320E+00 3.35299E+00 3.35278E+00 3.35259E+00 3.35240E+00 3.35222E+00 3.35204E+00 3.35187E+00 3.35171E+00 3.35155E+00 3.35140E+00 3.35125E+00 3.35111E+00 3.35098E+00 3.35085E+00 3.35072E+00 3.35060E+00 3.35048E+00 3.35037E+00 3.35026E+00 3.35015E+00 3.35005E+00 3.34995E+00 3.34986E+00 3.34977E+00 3.34968E+00 3.34959E+00 3.34951E+00 3.34943E+00 3.34936E+00 3.34928E+00 % total
];

MAT_fuelsalt_A = [
0.00000E+00 0.00000E+00 0.00000E+00 0.00000E+00 0.00000E+00 0.00000E+00 0.00000E+00 0.00000E+00 0.00000E+00 0.00000E+00 0.00000E+00 0.00000E+00 0.00000E+00 0.00000E+00 0.00000E+00 0.00000E+00 0.00000E+00 0.00000E+00 0.00000E+00 0.00000E+00 0.00000E+00 0.00000E+00 0.00000E+00 0.00000E+00 0.00000E+00 0.00000E+00 0.00000E+00 0.00000E+00 0.00000E+00 0.00000E+00 0.00000E+00 0.00000E+00 0.00000E+00 0.00000E+00 0.00000E+00 0.00000E+00 0.00000E+00 0.00000E+00 0.00000E+00 0.00000E+00 0.00000E+00 0.00000E+00 0.00000E+00 0.00000E+00 0.00000E+00 0.00000E+00 0.00000E+00 0.00000E+00 0.00000E+00 0.00000E+00 0.00000E+00 0.00000E+00 0.00000E+00 0.00000E+00 0.00000E+00 0.00000E+00 0.00000E+00 0.00000E+00 0.00000E+00 0.00000E+00 0.00000E+00 0.00000E+00 0.00000E+00 0.00000E+00 0.00000E+00 0.00000E+00 0.00000E+00 0.00000E+00 0.00000E+00 0.00000E+00 0.00000E+00 0.00000E+00 % lost data
1.15956E+12 6.25759E+19 7.05741E+19 9.11156E+19 1.00438E+20 1.08084E+20 1.12540E+20 1.13821E+20 1.14038E+20 1.14100E+20 1.13948E+20 1.14164E+20 1.14035E+20 1.13977E+20 1.14231E+20 1.14196E+20 1.14279E+20 1.14150E+20 1.13774E+20 1.14239E+20 1.13918E+20 1.13814E+20 1.13959E+20 1.13993E+20 1.13900E+20 1.13891E+20 1.13791E+20 1.14005E+20 1.16455E+20 1.15814E+20 1.15608E+20 1.15047E+20 1.15173E+20 1.15240E+20 1.14683E+20 1.14506E+20 1.14451E+20 1.14175E+20 1.14420E+20 1.14398E+20 1.13630E+20 1.13990E+20 1.13612E+20 1.13523E+20 1.13477E+20 1.13477E+20 1.13572E+20 1.13074E+20 1.13319E+20 1.12840E+20 1.13470E+20 1.12979E+20 1.13424E+20 1.13032E+20 1.13121E+20 1.13201E+20 1.13141E+20 1.13038E+20 1.13041E+20 1.13254E+20 1.12766E+20 1.13010E+20 1.12677E+20 1.12419E+20 1.12952E+20 1.12741E+20 1.12587E+20 1.12538E+20 1.12531E+20 1.12847E+20 1.12447E+20 1.12757E+20 % total
];

