
ZAI = [
666
0
];

NAMES = [
'lost            '
'total           '
];

iLOST    = 1;
iTOT     = 2;

MAT_fuelsalt_VOLUME = [ 1.36700E+07 1.36700E+07 1.36700E+07 1.36700E+07 1.36700E+07 1.36700E+07 1.36700E+07 1.36700E+07 1.36700E+07 1.36700E+07 1.36700E+07 1.36700E+07 1.36700E+07 1.36700E+07 1.36700E+07 1.36700E+07 1.36700E+07 1.36700E+07 1.36700E+07 1.36700E+07 1.36700E+07 1.36700E+07 1.36700E+07 1.36700E+07 1.36700E+07 1.36700E+07 1.36700E+07 1.36700E+07 1.36700E+07 1.36700E+07 1.36700E+07 1.36700E+07 1.36700E+07 1.36700E+07 1.36700E+07 1.36700E+07 1.36700E+07 1.36700E+07 1.36700E+07 1.36700E+07 1.36700E+07 1.36700E+07 1.36700E+07 1.36700E+07 1.36700E+07 1.36700E+07 1.36700E+07 1.36700E+07 1.36700E+07 1.36700E+07 1.36700E+07 1.36700E+07 1.36700E+07 1.36700E+07 1.36700E+07 1.36700E+07 1.36700E+07 1.36700E+07 1.36700E+07 1.36700E+07 1.36700E+07 1.36700E+07 1.36700E+07 1.36700E+07 1.36700E+07 1.36700E+07 1.36700E+07 1.36700E+07 1.36700E+07 1.36700E+07 1.36700E+07 1.36700E+07 ];

MAT_fuelsalt_BURNUP = [ 0.00000E+00 0.00000E+00 0.00000E+00 0.00000E+00 0.00000E+00 0.00000E+00 0.00000E+00 0.00000E+00 0.00000E+00 0.00000E+00 0.00000E+00 0.00000E+00 0.00000E+00 0.00000E+00 0.00000E+00 0.00000E+00 0.00000E+00 0.00000E+00 0.00000E+00 0.00000E+00 0.00000E+00 0.00000E+00 0.00000E+00 0.00000E+00 0.00000E+00 0.00000E+00 0.00000E+00 0.00000E+00 0.00000E+00 0.00000E+00 0.00000E+00 0.00000E+00 0.00000E+00 0.00000E+00 0.00000E+00 0.00000E+00 0.00000E+00 0.00000E+00 0.00000E+00 0.00000E+00 0.00000E+00 0.00000E+00 0.00000E+00 0.00000E+00 0.00000E+00 0.00000E+00 0.00000E+00 0.00000E+00 0.00000E+00 0.00000E+00 0.00000E+00 0.00000E+00 0.00000E+00 0.00000E+00 0.00000E+00 0.00000E+00 0.00000E+00 0.00000E+00 0.00000E+00 0.00000E+00 0.00000E+00 0.00000E+00 0.00000E+00 0.00000E+00 0.00000E+00 0.00000E+00 0.00000E+00 0.00000E+00 0.00000E+00 0.00000E+00 0.00000E+00 0.00000E+00 ];

MAT_fuelsalt_ADENS = [
0.00000E+00 5.13861E-17 1.02707E-16 2.45581E-15 7.39663E-15 1.72235E-14 3.44009E-14 5.12450E-14 6.78687E-14 8.43881E-14 1.00807E-13 1.16937E-13 1.33092E-13 1.49060E-13 1.64746E-13 1.80404E-13 1.95951E-13 2.11404E-13 2.26576E-13 2.41831E-13 2.57039E-13 2.72021E-13 2.87053E-13 3.01997E-13 3.16888E-13 3.31642E-13 3.46264E-13 3.60867E-13 4.23805E-13 4.86290E-13 5.47232E-13 6.07945E-13 6.67599E-13 7.27179E-13 7.86905E-13 8.46527E-13 9.05339E-13 9.63749E-13 1.02191E-12 1.08009E-12 1.13821E-12 1.19646E-12 1.25451E-12 1.31247E-12 1.37017E-12 1.42798E-12 1.48574E-12 1.54337E-12 1.60095E-12 1.65835E-12 1.71578E-12 1.77305E-12 1.83044E-12 1.88752E-12 1.94461E-12 2.00222E-12 2.05952E-12 2.11674E-12 2.17408E-12 2.23124E-12 2.28837E-12 2.34566E-12 2.40344E-12 2.46086E-12 2.51814E-12 2.57562E-12 2.63202E-12 2.68909E-12 2.74730E-12 2.80477E-12 2.86248E-12 2.92001E-12 % lost data
6.51224E-02 6.51224E-02 6.51224E-02 6.51224E-02 6.51225E-02 6.51227E-02 6.51230E-02 6.51233E-02 6.51235E-02 6.51238E-02 6.51241E-02 6.51244E-02 6.51246E-02 6.51249E-02 6.51252E-02 6.51254E-02 6.51257E-02 6.51260E-02 6.51263E-02 6.51265E-02 6.51268E-02 6.51271E-02 6.51274E-02 6.51276E-02 6.51279E-02 6.51282E-02 6.51285E-02 6.51287E-02 6.51299E-02 6.51311E-02 6.51323E-02 6.51334E-02 6.51346E-02 6.51357E-02 6.51369E-02 6.51380E-02 6.51391E-02 6.51402E-02 6.51414E-02 6.51425E-02 6.51435E-02 6.51446E-02 6.51457E-02 6.51468E-02 6.51478E-02 6.51489E-02 6.51499E-02 6.51510E-02 6.51520E-02 6.51530E-02 6.51540E-02 6.51550E-02 6.51560E-02 6.51570E-02 6.51580E-02 6.51590E-02 6.51600E-02 6.51609E-02 6.51619E-02 6.51628E-02 6.51638E-02 6.51647E-02 6.51656E-02 6.51665E-02 6.51674E-02 6.51683E-02 6.51692E-02 6.51701E-02 6.51710E-02 6.51719E-02 6.51727E-02 6.51736E-02 % total
];

MAT_fuelsalt_MDENS = [
0.00000E+00 0.00000E+00 0.00000E+00 0.00000E+00 0.00000E+00 0.00000E+00 0.00000E+00 0.00000E+00 0.00000E+00 0.00000E+00 0.00000E+00 0.00000E+00 0.00000E+00 0.00000E+00 0.00000E+00 0.00000E+00 0.00000E+00 0.00000E+00 0.00000E+00 0.00000E+00 0.00000E+00 0.00000E+00 0.00000E+00 0.00000E+00 0.00000E+00 0.00000E+00 0.00000E+00 0.00000E+00 0.00000E+00 0.00000E+00 0.00000E+00 0.00000E+00 0.00000E+00 0.00000E+00 0.00000E+00 0.00000E+00 0.00000E+00 0.00000E+00 0.00000E+00 0.00000E+00 0.00000E+00 0.00000E+00 0.00000E+00 0.00000E+00 0.00000E+00 0.00000E+00 0.00000E+00 0.00000E+00 0.00000E+00 0.00000E+00 0.00000E+00 0.00000E+00 0.00000E+00 0.00000E+00 0.00000E+00 0.00000E+00 0.00000E+00 0.00000E+00 0.00000E+00 0.00000E+00 0.00000E+00 0.00000E+00 0.00000E+00 0.00000E+00 0.00000E+00 0.00000E+00 0.00000E+00 0.00000E+00 0.00000E+00 0.00000E+00 0.00000E+00 0.00000E+00 % lost data
3.28019E+00 3.28019E+00 3.28019E+00 3.28018E+00 3.28015E+00 3.28009E+00 3.27999E+00 3.27989E+00 3.27978E+00 3.27968E+00 3.27958E+00 3.27947E+00 3.27937E+00 3.27927E+00 3.27917E+00 3.27906E+00 3.27896E+00 3.27886E+00 3.27876E+00 3.27866E+00 3.27856E+00 3.27846E+00 3.27836E+00 3.27826E+00 3.27816E+00 3.27806E+00 3.27796E+00 3.27786E+00 3.27744E+00 3.27702E+00 3.27660E+00 3.27619E+00 3.27578E+00 3.27538E+00 3.27498E+00 3.27459E+00 3.27419E+00 3.27381E+00 3.27342E+00 3.27304E+00 3.27266E+00 3.27229E+00 3.27192E+00 3.27155E+00 3.27118E+00 3.27082E+00 3.27046E+00 3.27011E+00 3.26976E+00 3.26941E+00 3.26906E+00 3.26872E+00 3.26838E+00 3.26804E+00 3.26770E+00 3.26737E+00 3.26704E+00 3.26672E+00 3.26639E+00 3.26607E+00 3.26575E+00 3.26544E+00 3.26512E+00 3.26481E+00 3.26450E+00 3.26420E+00 3.26389E+00 3.26359E+00 3.26329E+00 3.26300E+00 3.26270E+00 3.26241E+00 % total
];

MAT_fuelsalt_A = [
0.00000E+00 0.00000E+00 0.00000E+00 0.00000E+00 0.00000E+00 0.00000E+00 0.00000E+00 0.00000E+00 0.00000E+00 0.00000E+00 0.00000E+00 0.00000E+00 0.00000E+00 0.00000E+00 0.00000E+00 0.00000E+00 0.00000E+00 0.00000E+00 0.00000E+00 0.00000E+00 0.00000E+00 0.00000E+00 0.00000E+00 0.00000E+00 0.00000E+00 0.00000E+00 0.00000E+00 0.00000E+00 0.00000E+00 0.00000E+00 0.00000E+00 0.00000E+00 0.00000E+00 0.00000E+00 0.00000E+00 0.00000E+00 0.00000E+00 0.00000E+00 0.00000E+00 0.00000E+00 0.00000E+00 0.00000E+00 0.00000E+00 0.00000E+00 0.00000E+00 0.00000E+00 0.00000E+00 0.00000E+00 0.00000E+00 0.00000E+00 0.00000E+00 0.00000E+00 0.00000E+00 0.00000E+00 0.00000E+00 0.00000E+00 0.00000E+00 0.00000E+00 0.00000E+00 0.00000E+00 0.00000E+00 0.00000E+00 0.00000E+00 0.00000E+00 0.00000E+00 0.00000E+00 0.00000E+00 0.00000E+00 0.00000E+00 0.00000E+00 0.00000E+00 0.00000E+00 % lost data
1.31843E+12 6.33049E+19 7.08416E+19 9.30163E+19 1.02293E+20 1.09210E+20 1.13277E+20 1.14251E+20 1.14768E+20 1.15148E+20 1.15194E+20 1.15149E+20 1.15511E+20 1.15357E+20 1.15342E+20 1.15171E+20 1.15403E+20 1.15261E+20 1.15348E+20 1.15210E+20 1.15302E+20 1.15090E+20 1.14951E+20 1.15018E+20 1.15168E+20 1.15011E+20 1.15040E+20 1.14887E+20 1.17504E+20 1.16630E+20 1.16914E+20 1.16560E+20 1.16199E+20 1.15969E+20 1.15975E+20 1.15643E+20 1.15364E+20 1.14866E+20 1.15416E+20 1.14746E+20 1.14743E+20 1.14523E+20 1.14526E+20 1.14405E+20 1.14410E+20 1.14375E+20 1.14293E+20 1.13827E+20 1.13735E+20 1.13938E+20 1.13663E+20 1.13655E+20 1.13757E+20 1.13518E+20 1.13202E+20 1.13485E+20 1.13448E+20 1.13304E+20 1.13018E+20 1.12787E+20 1.13413E+20 1.12848E+20 1.13158E+20 1.13070E+20 1.12786E+20 1.12708E+20 1.12714E+20 1.12464E+20 1.12442E+20 1.12455E+20 1.12703E+20 1.12120E+20 % total
];

