
ZAI = [
666
0
];

NAMES = [
'lost            '
'total           '
];

iLOST    = 1;
iTOT     = 2;

MAT_fuelsalt_VOLUME = [ 1.36700E+07 1.36700E+07 1.36700E+07 1.36700E+07 1.36700E+07 1.36700E+07 1.36700E+07 1.36700E+07 1.36700E+07 1.36700E+07 1.36700E+07 1.36700E+07 1.36700E+07 1.36700E+07 1.36700E+07 1.36700E+07 1.36700E+07 1.36700E+07 1.36700E+07 1.36700E+07 1.36700E+07 1.36700E+07 1.36700E+07 1.36700E+07 1.36700E+07 1.36700E+07 1.36700E+07 1.36700E+07 1.36700E+07 1.36700E+07 1.36700E+07 1.36700E+07 1.36700E+07 1.36700E+07 1.36700E+07 1.36700E+07 1.36700E+07 1.36700E+07 1.36700E+07 1.36700E+07 1.36700E+07 1.36700E+07 1.36700E+07 1.36700E+07 1.36700E+07 1.36700E+07 1.36700E+07 1.36700E+07 1.36700E+07 1.36700E+07 1.36700E+07 1.36700E+07 1.36700E+07 1.36700E+07 1.36700E+07 1.36700E+07 1.36700E+07 1.36700E+07 1.36700E+07 1.36700E+07 1.36700E+07 1.36700E+07 1.36700E+07 1.36700E+07 1.36700E+07 1.36700E+07 1.36700E+07 1.36700E+07 1.36700E+07 1.36700E+07 1.36700E+07 1.36700E+07 ];

MAT_fuelsalt_BURNUP = [ 0.00000E+00 0.00000E+00 0.00000E+00 0.00000E+00 0.00000E+00 0.00000E+00 0.00000E+00 0.00000E+00 0.00000E+00 0.00000E+00 0.00000E+00 0.00000E+00 0.00000E+00 0.00000E+00 0.00000E+00 0.00000E+00 0.00000E+00 0.00000E+00 0.00000E+00 0.00000E+00 0.00000E+00 0.00000E+00 0.00000E+00 0.00000E+00 0.00000E+00 0.00000E+00 0.00000E+00 0.00000E+00 0.00000E+00 0.00000E+00 0.00000E+00 0.00000E+00 0.00000E+00 0.00000E+00 0.00000E+00 0.00000E+00 0.00000E+00 0.00000E+00 0.00000E+00 0.00000E+00 0.00000E+00 0.00000E+00 0.00000E+00 0.00000E+00 0.00000E+00 0.00000E+00 0.00000E+00 0.00000E+00 0.00000E+00 0.00000E+00 0.00000E+00 0.00000E+00 0.00000E+00 0.00000E+00 0.00000E+00 0.00000E+00 0.00000E+00 0.00000E+00 0.00000E+00 0.00000E+00 0.00000E+00 0.00000E+00 0.00000E+00 0.00000E+00 0.00000E+00 0.00000E+00 0.00000E+00 0.00000E+00 0.00000E+00 0.00000E+00 0.00000E+00 0.00000E+00 ];

MAT_fuelsalt_ADENS = [
0.00000E+00 5.10864E-17 1.02365E-16 2.46868E-15 7.43817E-15 1.73995E-14 3.48520E-14 5.19575E-14 6.89005E-14 8.54883E-14 1.01961E-13 1.18176E-13 1.34380E-13 1.50357E-13 1.66260E-13 1.82114E-13 1.97999E-13 2.13658E-13 2.29305E-13 2.44902E-13 2.60492E-13 2.76027E-13 2.91400E-13 3.06835E-13 3.22195E-13 3.37513E-13 3.52873E-13 3.68096E-13 4.34748E-13 5.01319E-13 5.67026E-13 6.31959E-13 6.96907E-13 7.61357E-13 8.25625E-13 8.89752E-13 9.53993E-13 1.01753E-12 1.08159E-12 1.14476E-12 1.20872E-12 1.27198E-12 1.33514E-12 1.39839E-12 1.46129E-12 1.52443E-12 1.58746E-12 1.65054E-12 1.71354E-12 1.77634E-12 1.83938E-12 1.90220E-12 1.96492E-12 2.02755E-12 2.09032E-12 2.15309E-12 2.21582E-12 2.27889E-12 2.34156E-12 2.40443E-12 2.46744E-12 2.53022E-12 2.59325E-12 2.65569E-12 2.71810E-12 2.78073E-12 2.84371E-12 2.90654E-12 2.96941E-12 3.03200E-12 3.09474E-12 3.15705E-12 % lost data
6.51224E-02 6.51224E-02 6.51224E-02 6.51224E-02 6.51225E-02 6.51227E-02 6.51230E-02 6.51233E-02 6.51235E-02 6.51238E-02 6.51240E-02 6.51243E-02 6.51245E-02 6.51248E-02 6.51250E-02 6.51252E-02 6.51255E-02 6.51257E-02 6.51259E-02 6.51261E-02 6.51263E-02 6.51265E-02 6.51267E-02 6.51269E-02 6.51271E-02 6.51273E-02 6.51275E-02 6.51277E-02 6.51285E-02 6.51292E-02 6.51298E-02 6.51304E-02 6.51309E-02 6.51314E-02 6.51319E-02 6.51323E-02 6.51327E-02 6.51330E-02 6.51333E-02 6.51336E-02 6.51339E-02 6.51341E-02 6.51344E-02 6.51346E-02 6.51347E-02 6.51349E-02 6.51351E-02 6.51352E-02 6.51354E-02 6.51355E-02 6.51356E-02 6.51357E-02 6.51358E-02 6.51359E-02 6.51359E-02 6.51360E-02 6.51361E-02 6.51361E-02 6.51362E-02 6.51363E-02 6.51363E-02 6.51363E-02 6.51364E-02 6.51364E-02 6.51364E-02 6.51365E-02 6.51365E-02 6.51365E-02 6.51366E-02 6.51366E-02 6.51366E-02 6.51366E-02 % total
];

MAT_fuelsalt_MDENS = [
0.00000E+00 0.00000E+00 0.00000E+00 0.00000E+00 0.00000E+00 0.00000E+00 0.00000E+00 0.00000E+00 0.00000E+00 0.00000E+00 0.00000E+00 0.00000E+00 0.00000E+00 0.00000E+00 0.00000E+00 0.00000E+00 0.00000E+00 0.00000E+00 0.00000E+00 0.00000E+00 0.00000E+00 0.00000E+00 0.00000E+00 0.00000E+00 0.00000E+00 0.00000E+00 0.00000E+00 0.00000E+00 0.00000E+00 0.00000E+00 0.00000E+00 0.00000E+00 0.00000E+00 0.00000E+00 0.00000E+00 0.00000E+00 0.00000E+00 0.00000E+00 0.00000E+00 0.00000E+00 0.00000E+00 0.00000E+00 0.00000E+00 0.00000E+00 0.00000E+00 0.00000E+00 0.00000E+00 0.00000E+00 0.00000E+00 0.00000E+00 0.00000E+00 0.00000E+00 0.00000E+00 0.00000E+00 0.00000E+00 0.00000E+00 0.00000E+00 0.00000E+00 0.00000E+00 0.00000E+00 0.00000E+00 0.00000E+00 0.00000E+00 0.00000E+00 0.00000E+00 0.00000E+00 0.00000E+00 0.00000E+00 0.00000E+00 0.00000E+00 0.00000E+00 0.00000E+00 % lost data
3.28019E+00 3.28019E+00 3.28019E+00 3.28017E+00 3.28013E+00 3.28004E+00 3.27990E+00 3.27975E+00 3.27960E+00 3.27946E+00 3.27932E+00 3.27919E+00 3.27905E+00 3.27892E+00 3.27880E+00 3.27867E+00 3.27855E+00 3.27843E+00 3.27831E+00 3.27820E+00 3.27808E+00 3.27797E+00 3.27786E+00 3.27776E+00 3.27765E+00 3.27755E+00 3.27745E+00 3.27735E+00 3.27694E+00 3.27656E+00 3.27621E+00 3.27589E+00 3.27560E+00 3.27534E+00 3.27509E+00 3.27487E+00 3.27466E+00 3.27447E+00 3.27430E+00 3.27414E+00 3.27400E+00 3.27386E+00 3.27374E+00 3.27363E+00 3.27352E+00 3.27343E+00 3.27334E+00 3.27326E+00 3.27319E+00 3.27312E+00 3.27306E+00 3.27300E+00 3.27295E+00 3.27290E+00 3.27285E+00 3.27281E+00 3.27277E+00 3.27274E+00 3.27271E+00 3.27268E+00 3.27265E+00 3.27263E+00 3.27260E+00 3.27258E+00 3.27256E+00 3.27255E+00 3.27253E+00 3.27252E+00 3.27250E+00 3.27249E+00 3.27248E+00 3.27247E+00 % total
];

MAT_fuelsalt_A = [
0.00000E+00 0.00000E+00 0.00000E+00 0.00000E+00 0.00000E+00 0.00000E+00 0.00000E+00 0.00000E+00 0.00000E+00 0.00000E+00 0.00000E+00 0.00000E+00 0.00000E+00 0.00000E+00 0.00000E+00 0.00000E+00 0.00000E+00 0.00000E+00 0.00000E+00 0.00000E+00 0.00000E+00 0.00000E+00 0.00000E+00 0.00000E+00 0.00000E+00 0.00000E+00 0.00000E+00 0.00000E+00 0.00000E+00 0.00000E+00 0.00000E+00 0.00000E+00 0.00000E+00 0.00000E+00 0.00000E+00 0.00000E+00 0.00000E+00 0.00000E+00 0.00000E+00 0.00000E+00 0.00000E+00 0.00000E+00 0.00000E+00 0.00000E+00 0.00000E+00 0.00000E+00 0.00000E+00 0.00000E+00 0.00000E+00 0.00000E+00 0.00000E+00 0.00000E+00 0.00000E+00 0.00000E+00 0.00000E+00 0.00000E+00 0.00000E+00 0.00000E+00 0.00000E+00 0.00000E+00 0.00000E+00 0.00000E+00 0.00000E+00 0.00000E+00 0.00000E+00 0.00000E+00 0.00000E+00 0.00000E+00 0.00000E+00 0.00000E+00 0.00000E+00 0.00000E+00 % lost data
1.31843E+12 6.33963E+19 7.09449E+19 9.38215E+19 1.04153E+20 1.11980E+20 1.17292E+20 1.16560E+20 1.15421E+20 1.14223E+20 1.13116E+20 1.12508E+20 1.11927E+20 1.10917E+20 1.10279E+20 1.10134E+20 1.09353E+20 1.09100E+20 1.08495E+20 1.08119E+20 1.08109E+20 1.07542E+20 1.07504E+20 1.07068E+20 1.06966E+20 1.06491E+20 1.06169E+20 1.06053E+20 1.11385E+20 1.09898E+20 1.08379E+20 1.07279E+20 1.06578E+20 1.05742E+20 1.05332E+20 1.04789E+20 1.04428E+20 1.03663E+20 1.03325E+20 1.03080E+20 1.02905E+20 1.02544E+20 1.02290E+20 1.01982E+20 1.01959E+20 1.01717E+20 1.01508E+20 1.01541E+20 1.01151E+20 1.01391E+20 1.00945E+20 1.01081E+20 1.01007E+20 1.00984E+20 1.00915E+20 1.00754E+20 1.00593E+20 1.00651E+20 1.00555E+20 1.00372E+20 1.00322E+20 1.00400E+20 1.00637E+20 1.00355E+20 1.00365E+20 1.00166E+20 1.00254E+20 1.00223E+20 1.00168E+20 1.00268E+20 1.00195E+20 1.00403E+20 % total
];

