
ZAI = [
666
0
];

NAMES = [
'lost            '
'total           '
];

iLOST    = 1;
iTOT     = 2;

MAT_fuelsalt_VOLUME = [ 1.36700E+07 1.36700E+07 1.36700E+07 1.36700E+07 1.36700E+07 1.36700E+07 1.36700E+07 1.36700E+07 1.36700E+07 1.36700E+07 1.36700E+07 1.36700E+07 1.36700E+07 1.36700E+07 1.36700E+07 1.36700E+07 1.36700E+07 1.36700E+07 1.36700E+07 1.36700E+07 1.36700E+07 1.36700E+07 1.36700E+07 1.36700E+07 1.36700E+07 1.36700E+07 1.36700E+07 1.36700E+07 1.36700E+07 1.36700E+07 1.36700E+07 1.36700E+07 1.36700E+07 1.36700E+07 1.36700E+07 1.36700E+07 1.36700E+07 1.36700E+07 1.36700E+07 1.36700E+07 1.36700E+07 1.36700E+07 1.36700E+07 1.36700E+07 1.36700E+07 1.36700E+07 1.36700E+07 1.36700E+07 1.36700E+07 1.36700E+07 1.36700E+07 1.36700E+07 1.36700E+07 1.36700E+07 1.36700E+07 1.36700E+07 1.36700E+07 1.36700E+07 1.36700E+07 1.36700E+07 1.36700E+07 1.36700E+07 1.36700E+07 1.36700E+07 1.36700E+07 1.36700E+07 1.36700E+07 1.36700E+07 1.36700E+07 1.36700E+07 1.36700E+07 1.36700E+07 ];

MAT_fuelsalt_BURNUP = [ 0.00000E+00 0.00000E+00 0.00000E+00 0.00000E+00 0.00000E+00 0.00000E+00 0.00000E+00 0.00000E+00 0.00000E+00 0.00000E+00 0.00000E+00 0.00000E+00 0.00000E+00 0.00000E+00 0.00000E+00 0.00000E+00 0.00000E+00 0.00000E+00 0.00000E+00 0.00000E+00 0.00000E+00 0.00000E+00 0.00000E+00 0.00000E+00 0.00000E+00 0.00000E+00 0.00000E+00 0.00000E+00 0.00000E+00 0.00000E+00 0.00000E+00 0.00000E+00 0.00000E+00 0.00000E+00 0.00000E+00 0.00000E+00 0.00000E+00 0.00000E+00 0.00000E+00 0.00000E+00 0.00000E+00 0.00000E+00 0.00000E+00 0.00000E+00 0.00000E+00 0.00000E+00 0.00000E+00 0.00000E+00 0.00000E+00 0.00000E+00 0.00000E+00 0.00000E+00 0.00000E+00 0.00000E+00 0.00000E+00 0.00000E+00 0.00000E+00 0.00000E+00 0.00000E+00 0.00000E+00 0.00000E+00 0.00000E+00 0.00000E+00 0.00000E+00 0.00000E+00 0.00000E+00 0.00000E+00 0.00000E+00 0.00000E+00 0.00000E+00 0.00000E+00 0.00000E+00 ];

MAT_fuelsalt_ADENS = [
0.00000E+00 5.12512E-17 1.02700E-16 2.46292E-15 7.38695E-15 1.72527E-14 3.43475E-14 5.13958E-14 6.80282E-14 8.45954E-14 1.01050E-13 1.17238E-13 1.33348E-13 1.49314E-13 1.65111E-13 1.80768E-13 1.96325E-13 2.11846E-13 2.27161E-13 2.42374E-13 2.57496E-13 2.72511E-13 2.87480E-13 3.02306E-13 3.17220E-13 3.31969E-13 3.46544E-13 3.61258E-13 4.23751E-13 4.85225E-13 5.45745E-13 6.05756E-13 6.65313E-13 7.24767E-13 7.83501E-13 8.41934E-13 8.99805E-13 9.57627E-13 1.01583E-12 1.07305E-12 1.13023E-12 1.18721E-12 1.24483E-12 1.30189E-12 1.35815E-12 1.41543E-12 1.47209E-12 1.52941E-12 1.58639E-12 1.64281E-12 1.69907E-12 1.75541E-12 1.81189E-12 1.86788E-12 1.92429E-12 1.98084E-12 2.03746E-12 2.09332E-12 2.14874E-12 2.20531E-12 2.26165E-12 2.31824E-12 2.37418E-12 2.43076E-12 2.48738E-12 2.54359E-12 2.59999E-12 2.65667E-12 2.71327E-12 2.76960E-12 2.82599E-12 2.88302E-12 % lost data
6.51224E-02 6.51224E-02 6.51224E-02 6.51224E-02 6.51225E-02 6.51227E-02 6.51230E-02 6.51233E-02 6.51235E-02 6.51238E-02 6.51241E-02 6.51244E-02 6.51246E-02 6.51249E-02 6.51252E-02 6.51255E-02 6.51257E-02 6.51260E-02 6.51263E-02 6.51266E-02 6.51268E-02 6.51271E-02 6.51274E-02 6.51277E-02 6.51279E-02 6.51282E-02 6.51285E-02 6.51288E-02 6.51300E-02 6.51312E-02 6.51324E-02 6.51335E-02 6.51347E-02 6.51359E-02 6.51371E-02 6.51383E-02 6.51394E-02 6.51406E-02 6.51418E-02 6.51429E-02 6.51441E-02 6.51452E-02 6.51463E-02 6.51475E-02 6.51486E-02 6.51497E-02 6.51508E-02 6.51519E-02 6.51531E-02 6.51542E-02 6.51553E-02 6.51563E-02 6.51574E-02 6.51585E-02 6.51596E-02 6.51606E-02 6.51617E-02 6.51628E-02 6.51638E-02 6.51649E-02 6.51659E-02 6.51669E-02 6.51680E-02 6.51690E-02 6.51700E-02 6.51710E-02 6.51720E-02 6.51731E-02 6.51740E-02 6.51750E-02 6.51760E-02 6.51770E-02 % total
];

MAT_fuelsalt_MDENS = [
0.00000E+00 0.00000E+00 0.00000E+00 0.00000E+00 0.00000E+00 0.00000E+00 0.00000E+00 0.00000E+00 0.00000E+00 0.00000E+00 0.00000E+00 0.00000E+00 0.00000E+00 0.00000E+00 0.00000E+00 0.00000E+00 0.00000E+00 0.00000E+00 0.00000E+00 0.00000E+00 0.00000E+00 0.00000E+00 0.00000E+00 0.00000E+00 0.00000E+00 0.00000E+00 0.00000E+00 0.00000E+00 0.00000E+00 0.00000E+00 0.00000E+00 0.00000E+00 0.00000E+00 0.00000E+00 0.00000E+00 0.00000E+00 0.00000E+00 0.00000E+00 0.00000E+00 0.00000E+00 0.00000E+00 0.00000E+00 0.00000E+00 0.00000E+00 0.00000E+00 0.00000E+00 0.00000E+00 0.00000E+00 0.00000E+00 0.00000E+00 0.00000E+00 0.00000E+00 0.00000E+00 0.00000E+00 0.00000E+00 0.00000E+00 0.00000E+00 0.00000E+00 0.00000E+00 0.00000E+00 0.00000E+00 0.00000E+00 0.00000E+00 0.00000E+00 0.00000E+00 0.00000E+00 0.00000E+00 0.00000E+00 0.00000E+00 0.00000E+00 0.00000E+00 0.00000E+00 % lost data
3.28019E+00 3.28019E+00 3.28019E+00 3.28018E+00 3.28015E+00 3.28009E+00 3.27999E+00 3.27989E+00 3.27979E+00 3.27969E+00 3.27958E+00 3.27948E+00 3.27938E+00 3.27928E+00 3.27918E+00 3.27908E+00 3.27898E+00 3.27888E+00 3.27878E+00 3.27868E+00 3.27858E+00 3.27848E+00 3.27838E+00 3.27828E+00 3.27818E+00 3.27808E+00 3.27799E+00 3.27789E+00 3.27747E+00 3.27705E+00 3.27663E+00 3.27622E+00 3.27581E+00 3.27541E+00 3.27500E+00 3.27460E+00 3.27421E+00 3.27381E+00 3.27342E+00 3.27303E+00 3.27265E+00 3.27226E+00 3.27188E+00 3.27150E+00 3.27113E+00 3.27075E+00 3.27038E+00 3.27001E+00 3.26965E+00 3.26928E+00 3.26892E+00 3.26856E+00 3.26820E+00 3.26784E+00 3.26749E+00 3.26714E+00 3.26679E+00 3.26644E+00 3.26609E+00 3.26575E+00 3.26541E+00 3.26507E+00 3.26473E+00 3.26439E+00 3.26406E+00 3.26373E+00 3.26340E+00 3.26307E+00 3.26274E+00 3.26242E+00 3.26209E+00 3.26177E+00 % total
];

MAT_fuelsalt_A = [
0.00000E+00 0.00000E+00 0.00000E+00 0.00000E+00 0.00000E+00 0.00000E+00 0.00000E+00 0.00000E+00 0.00000E+00 0.00000E+00 0.00000E+00 0.00000E+00 0.00000E+00 0.00000E+00 0.00000E+00 0.00000E+00 0.00000E+00 0.00000E+00 0.00000E+00 0.00000E+00 0.00000E+00 0.00000E+00 0.00000E+00 0.00000E+00 0.00000E+00 0.00000E+00 0.00000E+00 0.00000E+00 0.00000E+00 0.00000E+00 0.00000E+00 0.00000E+00 0.00000E+00 0.00000E+00 0.00000E+00 0.00000E+00 0.00000E+00 0.00000E+00 0.00000E+00 0.00000E+00 0.00000E+00 0.00000E+00 0.00000E+00 0.00000E+00 0.00000E+00 0.00000E+00 0.00000E+00 0.00000E+00 0.00000E+00 0.00000E+00 0.00000E+00 0.00000E+00 0.00000E+00 0.00000E+00 0.00000E+00 0.00000E+00 0.00000E+00 0.00000E+00 0.00000E+00 0.00000E+00 0.00000E+00 0.00000E+00 0.00000E+00 0.00000E+00 0.00000E+00 0.00000E+00 0.00000E+00 0.00000E+00 0.00000E+00 0.00000E+00 0.00000E+00 0.00000E+00 % lost data
1.31843E+12 6.33205E+19 7.09135E+19 9.28321E+19 1.02454E+20 1.09081E+20 1.13143E+20 1.14517E+20 1.14883E+20 1.14871E+20 1.15087E+20 1.15310E+20 1.15462E+20 1.15625E+20 1.15493E+20 1.15448E+20 1.15564E+20 1.15661E+20 1.15499E+20 1.15929E+20 1.15824E+20 1.15835E+20 1.15540E+20 1.15632E+20 1.15640E+20 1.15823E+20 1.15750E+20 1.16008E+20 1.17552E+20 1.17724E+20 1.17352E+20 1.16894E+20 1.16857E+20 1.16664E+20 1.16502E+20 1.16520E+20 1.16356E+20 1.16437E+20 1.16480E+20 1.16442E+20 1.16173E+20 1.16391E+20 1.15893E+20 1.15796E+20 1.15610E+20 1.16099E+20 1.15478E+20 1.16054E+20 1.15627E+20 1.15917E+20 1.15863E+20 1.15709E+20 1.15240E+20 1.15917E+20 1.15425E+20 1.15232E+20 1.15581E+20 1.15571E+20 1.15449E+20 1.15549E+20 1.15263E+20 1.15097E+20 1.14976E+20 1.15451E+20 1.15196E+20 1.14709E+20 1.15461E+20 1.15376E+20 1.14880E+20 1.15267E+20 1.15229E+20 1.15025E+20 % total
];

