
ZAI = [
666
0
];

NAMES = [
'lost            '
'total           '
];

iLOST    = 1;
iTOT     = 2;

MAT_fuelsalt_VOLUME = [ 1.36700E+07 1.36700E+07 1.36700E+07 1.36700E+07 1.36700E+07 1.36700E+07 1.36700E+07 1.36700E+07 1.36700E+07 1.36700E+07 1.36700E+07 1.36700E+07 1.36700E+07 1.36700E+07 1.36700E+07 1.36700E+07 1.36700E+07 1.36700E+07 1.36700E+07 1.36700E+07 1.36700E+07 1.36700E+07 1.36700E+07 1.36700E+07 1.36700E+07 1.36700E+07 1.36700E+07 1.36700E+07 1.36700E+07 1.36700E+07 1.36700E+07 1.36700E+07 1.36700E+07 1.36700E+07 1.36700E+07 1.36700E+07 1.36700E+07 1.36700E+07 1.36700E+07 1.36700E+07 1.36700E+07 1.36700E+07 1.36700E+07 1.36700E+07 1.36700E+07 1.36700E+07 1.36700E+07 1.36700E+07 1.36700E+07 1.36700E+07 1.36700E+07 1.36700E+07 1.36700E+07 1.36700E+07 1.36700E+07 1.36700E+07 1.36700E+07 1.36700E+07 1.36700E+07 1.36700E+07 1.36700E+07 1.36700E+07 1.36700E+07 1.36700E+07 1.36700E+07 1.36700E+07 1.36700E+07 1.36700E+07 1.36700E+07 1.36700E+07 1.36700E+07 1.36700E+07 ];

MAT_fuelsalt_BURNUP = [ 0.00000E+00 0.00000E+00 0.00000E+00 0.00000E+00 0.00000E+00 0.00000E+00 0.00000E+00 0.00000E+00 0.00000E+00 0.00000E+00 0.00000E+00 0.00000E+00 0.00000E+00 0.00000E+00 0.00000E+00 0.00000E+00 0.00000E+00 0.00000E+00 0.00000E+00 0.00000E+00 0.00000E+00 0.00000E+00 0.00000E+00 0.00000E+00 0.00000E+00 0.00000E+00 0.00000E+00 0.00000E+00 0.00000E+00 0.00000E+00 0.00000E+00 0.00000E+00 0.00000E+00 0.00000E+00 0.00000E+00 0.00000E+00 0.00000E+00 0.00000E+00 0.00000E+00 0.00000E+00 0.00000E+00 0.00000E+00 0.00000E+00 0.00000E+00 0.00000E+00 0.00000E+00 0.00000E+00 0.00000E+00 0.00000E+00 0.00000E+00 0.00000E+00 0.00000E+00 0.00000E+00 0.00000E+00 0.00000E+00 0.00000E+00 0.00000E+00 0.00000E+00 0.00000E+00 0.00000E+00 0.00000E+00 0.00000E+00 0.00000E+00 0.00000E+00 0.00000E+00 0.00000E+00 0.00000E+00 0.00000E+00 0.00000E+00 0.00000E+00 0.00000E+00 0.00000E+00 ];

MAT_fuelsalt_ADENS = [
0.00000E+00 5.14695E-17 1.02942E-16 2.47636E-15 7.42395E-15 1.71551E-14 3.38638E-14 5.00737E-14 6.60437E-14 8.14361E-14 9.65763E-14 1.11432E-13 1.26094E-13 1.40652E-13 1.54950E-13 1.69184E-13 1.83290E-13 1.97293E-13 2.11359E-13 2.25266E-13 2.39045E-13 2.52784E-13 2.66566E-13 2.80374E-13 2.94039E-13 3.07809E-13 3.21565E-13 3.35205E-13 3.94778E-13 4.54305E-13 5.13750E-13 5.73763E-13 6.33863E-13 6.95496E-13 7.57731E-13 8.20244E-13 8.82965E-13 9.45625E-13 1.00829E-12 1.07261E-12 1.13640E-12 1.20045E-12 1.26502E-12 1.32998E-12 1.39581E-12 1.46082E-12 1.52767E-12 1.59440E-12 1.66141E-12 1.72797E-12 1.79511E-12 1.86313E-12 1.93187E-12 1.99980E-12 2.06764E-12 2.13487E-12 2.20325E-12 2.27183E-12 2.34172E-12 2.41148E-12 2.48037E-12 2.54916E-12 2.61853E-12 2.68831E-12 2.75762E-12 2.82800E-12 2.89867E-12 2.96848E-12 3.03986E-12 3.10961E-12 3.18019E-12 3.25011E-12 % lost data
6.51224E-02 6.51224E-02 6.51224E-02 6.51226E-02 6.51232E-02 6.51242E-02 6.51260E-02 6.51277E-02 6.51295E-02 6.51312E-02 6.51329E-02 6.51346E-02 6.51363E-02 6.51379E-02 6.51396E-02 6.51412E-02 6.51428E-02 6.51444E-02 6.51460E-02 6.51475E-02 6.51491E-02 6.51506E-02 6.51521E-02 6.51536E-02 6.51551E-02 6.51566E-02 6.51580E-02 6.51595E-02 6.51655E-02 6.51713E-02 6.51768E-02 6.51821E-02 6.51872E-02 6.51920E-02 6.51966E-02 6.52011E-02 6.52053E-02 6.52093E-02 6.52132E-02 6.52169E-02 6.52204E-02 6.52238E-02 6.52270E-02 6.52301E-02 6.52331E-02 6.52359E-02 6.52386E-02 6.52412E-02 6.52437E-02 6.52461E-02 6.52483E-02 6.52505E-02 6.52525E-02 6.52545E-02 6.52564E-02 6.52582E-02 6.52600E-02 6.52616E-02 6.52632E-02 6.52647E-02 6.52662E-02 6.52675E-02 6.52689E-02 6.52701E-02 6.52713E-02 6.52725E-02 6.52736E-02 6.52747E-02 6.52757E-02 6.52767E-02 6.52776E-02 6.52785E-02 % total
];

MAT_fuelsalt_MDENS = [
0.00000E+00 0.00000E+00 0.00000E+00 0.00000E+00 0.00000E+00 0.00000E+00 0.00000E+00 0.00000E+00 0.00000E+00 0.00000E+00 0.00000E+00 0.00000E+00 0.00000E+00 0.00000E+00 0.00000E+00 0.00000E+00 0.00000E+00 0.00000E+00 0.00000E+00 0.00000E+00 0.00000E+00 0.00000E+00 0.00000E+00 0.00000E+00 0.00000E+00 0.00000E+00 0.00000E+00 0.00000E+00 0.00000E+00 0.00000E+00 0.00000E+00 0.00000E+00 0.00000E+00 0.00000E+00 0.00000E+00 0.00000E+00 0.00000E+00 0.00000E+00 0.00000E+00 0.00000E+00 0.00000E+00 0.00000E+00 0.00000E+00 0.00000E+00 0.00000E+00 0.00000E+00 0.00000E+00 0.00000E+00 0.00000E+00 0.00000E+00 0.00000E+00 0.00000E+00 0.00000E+00 0.00000E+00 0.00000E+00 0.00000E+00 0.00000E+00 0.00000E+00 0.00000E+00 0.00000E+00 0.00000E+00 0.00000E+00 0.00000E+00 0.00000E+00 0.00000E+00 0.00000E+00 0.00000E+00 0.00000E+00 0.00000E+00 0.00000E+00 0.00000E+00 0.00000E+00 % lost data
3.28019E+00 3.28019E+00 3.28019E+00 3.28019E+00 3.28020E+00 3.28022E+00 3.28024E+00 3.28026E+00 3.28029E+00 3.28031E+00 3.28033E+00 3.28035E+00 3.28038E+00 3.28040E+00 3.28042E+00 3.28045E+00 3.28047E+00 3.28049E+00 3.28052E+00 3.28054E+00 3.28056E+00 3.28059E+00 3.28061E+00 3.28063E+00 3.28065E+00 3.28068E+00 3.28070E+00 3.28072E+00 3.28080E+00 3.28088E+00 3.28096E+00 3.28104E+00 3.28112E+00 3.28119E+00 3.28126E+00 3.28134E+00 3.28140E+00 3.28147E+00 3.28153E+00 3.28160E+00 3.28166E+00 3.28171E+00 3.28177E+00 3.28182E+00 3.28187E+00 3.28192E+00 3.28197E+00 3.28202E+00 3.28206E+00 3.28211E+00 3.28215E+00 3.28218E+00 3.28222E+00 3.28226E+00 3.28229E+00 3.28233E+00 3.28236E+00 3.28239E+00 3.28242E+00 3.28245E+00 3.28247E+00 3.28250E+00 3.28253E+00 3.28255E+00 3.28257E+00 3.28260E+00 3.28262E+00 3.28264E+00 3.28266E+00 3.28268E+00 3.28269E+00 3.28271E+00 % total
];

MAT_fuelsalt_A = [
0.00000E+00 0.00000E+00 0.00000E+00 0.00000E+00 0.00000E+00 0.00000E+00 0.00000E+00 0.00000E+00 0.00000E+00 0.00000E+00 0.00000E+00 0.00000E+00 0.00000E+00 0.00000E+00 0.00000E+00 0.00000E+00 0.00000E+00 0.00000E+00 0.00000E+00 0.00000E+00 0.00000E+00 0.00000E+00 0.00000E+00 0.00000E+00 0.00000E+00 0.00000E+00 0.00000E+00 0.00000E+00 0.00000E+00 0.00000E+00 0.00000E+00 0.00000E+00 0.00000E+00 0.00000E+00 0.00000E+00 0.00000E+00 0.00000E+00 0.00000E+00 0.00000E+00 0.00000E+00 0.00000E+00 0.00000E+00 0.00000E+00 0.00000E+00 0.00000E+00 0.00000E+00 0.00000E+00 0.00000E+00 0.00000E+00 0.00000E+00 0.00000E+00 0.00000E+00 0.00000E+00 0.00000E+00 0.00000E+00 0.00000E+00 0.00000E+00 0.00000E+00 0.00000E+00 0.00000E+00 0.00000E+00 0.00000E+00 0.00000E+00 0.00000E+00 0.00000E+00 0.00000E+00 0.00000E+00 0.00000E+00 0.00000E+00 0.00000E+00 0.00000E+00 0.00000E+00 % lost data
1.31843E+12 6.34164E+19 7.09707E+19 9.34287E+19 1.03507E+20 1.11339E+20 1.16552E+20 1.16474E+20 1.16172E+20 1.15751E+20 1.15627E+20 1.15373E+20 1.15061E+20 1.14806E+20 1.14328E+20 1.14432E+20 1.14143E+20 1.14025E+20 1.14118E+20 1.13586E+20 1.13609E+20 1.13511E+20 1.13305E+20 1.13160E+20 1.12943E+20 1.13025E+20 1.12810E+20 1.12960E+20 1.18549E+20 1.17153E+20 1.16968E+20 1.15664E+20 1.15098E+20 1.14695E+20 1.14189E+20 1.14192E+20 1.13414E+20 1.12863E+20 1.13487E+20 1.12176E+20 1.12346E+20 1.12473E+20 1.11600E+20 1.11850E+20 1.11443E+20 1.11757E+20 1.11049E+20 1.10836E+20 1.11101E+20 1.10861E+20 1.10464E+20 1.10340E+20 1.10405E+20 1.10288E+20 1.10315E+20 1.10623E+20 1.10353E+20 1.10193E+20 1.09836E+20 1.09807E+20 1.10141E+20 1.10233E+20 1.09732E+20 1.09896E+20 1.10012E+20 1.09187E+20 1.09404E+20 1.09427E+20 1.09770E+20 1.09772E+20 1.09966E+20 1.09441E+20 % total
];

