
ZAI = [
666
0
];

NAMES = [
'lost            '
'total           '
];

iLOST    = 1;
iTOT     = 2;

MAT_fuelsalt_VOLUME = [ 1.36700E+07 1.36700E+07 1.36700E+07 1.36700E+07 1.36700E+07 1.36700E+07 1.36700E+07 1.36700E+07 1.36700E+07 1.36700E+07 1.36700E+07 1.36700E+07 1.36700E+07 1.36700E+07 1.36700E+07 1.36700E+07 1.36700E+07 1.36700E+07 1.36700E+07 1.36700E+07 1.36700E+07 1.36700E+07 1.36700E+07 1.36700E+07 1.36700E+07 1.36700E+07 1.36700E+07 1.36700E+07 1.36700E+07 1.36700E+07 1.36700E+07 1.36700E+07 1.36700E+07 1.36700E+07 1.36700E+07 1.36700E+07 1.36700E+07 1.36700E+07 1.36700E+07 1.36700E+07 1.36700E+07 1.36700E+07 1.36700E+07 1.36700E+07 1.36700E+07 1.36700E+07 1.36700E+07 1.36700E+07 1.36700E+07 1.36700E+07 1.36700E+07 1.36700E+07 1.36700E+07 1.36700E+07 1.36700E+07 1.36700E+07 1.36700E+07 1.36700E+07 1.36700E+07 1.36700E+07 1.36700E+07 1.36700E+07 1.36700E+07 1.36700E+07 1.36700E+07 1.36700E+07 1.36700E+07 1.36700E+07 1.36700E+07 1.36700E+07 1.36700E+07 1.36700E+07 ];

MAT_fuelsalt_BURNUP = [ 0.00000E+00 0.00000E+00 0.00000E+00 0.00000E+00 0.00000E+00 0.00000E+00 0.00000E+00 0.00000E+00 0.00000E+00 0.00000E+00 0.00000E+00 0.00000E+00 0.00000E+00 0.00000E+00 0.00000E+00 0.00000E+00 0.00000E+00 0.00000E+00 0.00000E+00 0.00000E+00 0.00000E+00 0.00000E+00 0.00000E+00 0.00000E+00 0.00000E+00 0.00000E+00 0.00000E+00 0.00000E+00 0.00000E+00 0.00000E+00 0.00000E+00 0.00000E+00 0.00000E+00 0.00000E+00 0.00000E+00 0.00000E+00 0.00000E+00 0.00000E+00 0.00000E+00 0.00000E+00 0.00000E+00 0.00000E+00 0.00000E+00 0.00000E+00 0.00000E+00 0.00000E+00 0.00000E+00 0.00000E+00 0.00000E+00 0.00000E+00 0.00000E+00 0.00000E+00 0.00000E+00 0.00000E+00 0.00000E+00 0.00000E+00 0.00000E+00 0.00000E+00 0.00000E+00 0.00000E+00 0.00000E+00 0.00000E+00 0.00000E+00 0.00000E+00 0.00000E+00 0.00000E+00 0.00000E+00 0.00000E+00 0.00000E+00 0.00000E+00 0.00000E+00 0.00000E+00 ];

MAT_fuelsalt_ADENS = [
0.00000E+00 5.41517E-17 1.08283E-16 2.57823E-15 7.78708E-15 1.80976E-14 3.60095E-14 5.36616E-14 7.11540E-14 8.83696E-14 1.05415E-13 1.22201E-13 1.38648E-13 1.55017E-13 1.71289E-13 1.87337E-13 2.03354E-13 2.19138E-13 2.34879E-13 2.50532E-13 2.66046E-13 2.81740E-13 2.97182E-13 3.12516E-13 3.27682E-13 3.42875E-13 3.57970E-13 3.72952E-13 4.37366E-13 5.00891E-13 5.64348E-13 6.26970E-13 6.88822E-13 7.50988E-13 8.12673E-13 8.74402E-13 9.35968E-13 9.97812E-13 1.05902E-12 1.12029E-12 1.18113E-12 1.24156E-12 1.30173E-12 1.36243E-12 1.42266E-12 1.48336E-12 1.54339E-12 1.60389E-12 1.66434E-12 1.72457E-12 1.78544E-12 1.84654E-12 1.90651E-12 1.96730E-12 2.02765E-12 2.08812E-12 2.14809E-12 2.20846E-12 2.26930E-12 2.32954E-12 2.39000E-12 2.45124E-12 2.51172E-12 2.57193E-12 2.63254E-12 2.69329E-12 2.75358E-12 2.81448E-12 2.87493E-12 2.93552E-12 2.99594E-12 3.05719E-12 % lost data
7.97438E-02 7.97438E-02 7.97438E-02 7.97438E-02 7.97439E-02 7.97441E-02 7.97443E-02 7.97446E-02 7.97448E-02 7.97451E-02 7.97453E-02 7.97456E-02 7.97459E-02 7.97461E-02 7.97464E-02 7.97466E-02 7.97469E-02 7.97471E-02 7.97474E-02 7.97476E-02 7.97479E-02 7.97481E-02 7.97484E-02 7.97487E-02 7.97489E-02 7.97492E-02 7.97494E-02 7.97497E-02 7.97508E-02 7.97518E-02 7.97529E-02 7.97540E-02 7.97550E-02 7.97560E-02 7.97570E-02 7.97580E-02 7.97590E-02 7.97600E-02 7.97609E-02 7.97619E-02 7.97628E-02 7.97637E-02 7.97647E-02 7.97655E-02 7.97664E-02 7.97673E-02 7.97681E-02 7.97690E-02 7.97698E-02 7.97706E-02 7.97714E-02 7.97722E-02 7.97730E-02 7.97738E-02 7.97745E-02 7.97753E-02 7.97760E-02 7.97767E-02 7.97775E-02 7.97782E-02 7.97788E-02 7.97795E-02 7.97802E-02 7.97809E-02 7.97815E-02 7.97821E-02 7.97828E-02 7.97834E-02 7.97840E-02 7.97846E-02 7.97852E-02 7.97858E-02 % total
];

MAT_fuelsalt_MDENS = [
0.00000E+00 0.00000E+00 0.00000E+00 0.00000E+00 0.00000E+00 0.00000E+00 0.00000E+00 0.00000E+00 0.00000E+00 0.00000E+00 0.00000E+00 0.00000E+00 0.00000E+00 0.00000E+00 0.00000E+00 0.00000E+00 0.00000E+00 0.00000E+00 0.00000E+00 0.00000E+00 0.00000E+00 0.00000E+00 0.00000E+00 0.00000E+00 0.00000E+00 0.00000E+00 0.00000E+00 0.00000E+00 0.00000E+00 0.00000E+00 0.00000E+00 0.00000E+00 0.00000E+00 0.00000E+00 0.00000E+00 0.00000E+00 0.00000E+00 0.00000E+00 0.00000E+00 0.00000E+00 0.00000E+00 0.00000E+00 0.00000E+00 0.00000E+00 0.00000E+00 0.00000E+00 0.00000E+00 0.00000E+00 0.00000E+00 0.00000E+00 0.00000E+00 0.00000E+00 0.00000E+00 0.00000E+00 0.00000E+00 0.00000E+00 0.00000E+00 0.00000E+00 0.00000E+00 0.00000E+00 0.00000E+00 0.00000E+00 0.00000E+00 0.00000E+00 0.00000E+00 0.00000E+00 0.00000E+00 0.00000E+00 0.00000E+00 0.00000E+00 0.00000E+00 0.00000E+00 % lost data
3.35931E+00 3.35931E+00 3.35931E+00 3.35930E+00 3.35927E+00 3.35921E+00 3.35911E+00 3.35901E+00 3.35890E+00 3.35880E+00 3.35870E+00 3.35859E+00 3.35849E+00 3.35839E+00 3.35829E+00 3.35819E+00 3.35809E+00 3.35799E+00 3.35789E+00 3.35779E+00 3.35769E+00 3.35760E+00 3.35750E+00 3.35740E+00 3.35731E+00 3.35721E+00 3.35711E+00 3.35702E+00 3.35661E+00 3.35621E+00 3.35581E+00 3.35543E+00 3.35505E+00 3.35467E+00 3.35431E+00 3.35395E+00 3.35359E+00 3.35324E+00 3.35290E+00 3.35256E+00 3.35223E+00 3.35191E+00 3.35159E+00 3.35127E+00 3.35096E+00 3.35066E+00 3.35036E+00 3.35006E+00 3.34977E+00 3.34949E+00 3.34921E+00 3.34893E+00 3.34866E+00 3.34839E+00 3.34812E+00 3.34787E+00 3.34761E+00 3.34736E+00 3.34711E+00 3.34687E+00 3.34663E+00 3.34639E+00 3.34616E+00 3.34593E+00 3.34570E+00 3.34548E+00 3.34526E+00 3.34505E+00 3.34484E+00 3.34463E+00 3.34443E+00 3.34422E+00 % total
];

MAT_fuelsalt_A = [
0.00000E+00 0.00000E+00 0.00000E+00 0.00000E+00 0.00000E+00 0.00000E+00 0.00000E+00 0.00000E+00 0.00000E+00 0.00000E+00 0.00000E+00 0.00000E+00 0.00000E+00 0.00000E+00 0.00000E+00 0.00000E+00 0.00000E+00 0.00000E+00 0.00000E+00 0.00000E+00 0.00000E+00 0.00000E+00 0.00000E+00 0.00000E+00 0.00000E+00 0.00000E+00 0.00000E+00 0.00000E+00 0.00000E+00 0.00000E+00 0.00000E+00 0.00000E+00 0.00000E+00 0.00000E+00 0.00000E+00 0.00000E+00 0.00000E+00 0.00000E+00 0.00000E+00 0.00000E+00 0.00000E+00 0.00000E+00 0.00000E+00 0.00000E+00 0.00000E+00 0.00000E+00 0.00000E+00 0.00000E+00 0.00000E+00 0.00000E+00 0.00000E+00 0.00000E+00 0.00000E+00 0.00000E+00 0.00000E+00 0.00000E+00 0.00000E+00 0.00000E+00 0.00000E+00 0.00000E+00 0.00000E+00 0.00000E+00 0.00000E+00 0.00000E+00 0.00000E+00 0.00000E+00 0.00000E+00 0.00000E+00 0.00000E+00 0.00000E+00 0.00000E+00 0.00000E+00 % lost data
1.15956E+12 6.25325E+19 7.06338E+19 9.11894E+19 1.00748E+20 1.08520E+20 1.12767E+20 1.13841E+20 1.14390E+20 1.13953E+20 1.14016E+20 1.14142E+20 1.14203E+20 1.14226E+20 1.14144E+20 1.14339E+20 1.13881E+20 1.14125E+20 1.14092E+20 1.14163E+20 1.13984E+20 1.14036E+20 1.14008E+20 1.13770E+20 1.14184E+20 1.13771E+20 1.13520E+20 1.13547E+20 1.16674E+20 1.16452E+20 1.15982E+20 1.15727E+20 1.15648E+20 1.14852E+20 1.15001E+20 1.14926E+20 1.14818E+20 1.14755E+20 1.14384E+20 1.14192E+20 1.14078E+20 1.14100E+20 1.14097E+20 1.13633E+20 1.13534E+20 1.13464E+20 1.13119E+20 1.13722E+20 1.13346E+20 1.13208E+20 1.12995E+20 1.12941E+20 1.12847E+20 1.12811E+20 1.12875E+20 1.12426E+20 1.13000E+20 1.12500E+20 1.12395E+20 1.12288E+20 1.12787E+20 1.12072E+20 1.12222E+20 1.12258E+20 1.12715E+20 1.12267E+20 1.12450E+20 1.12257E+20 1.12262E+20 1.12002E+20 1.12062E+20 1.12169E+20 % total
];

