
ZAI = [
666
0
];

NAMES = [
'lost            '
'total           '
];

iLOST    = 1;
iTOT     = 2;

MAT_fuelsalt_VOLUME = [ 1.36700E+07 1.36700E+07 1.36700E+07 1.36700E+07 1.36700E+07 1.36700E+07 1.36700E+07 1.36700E+07 1.36700E+07 1.36700E+07 1.36700E+07 1.36700E+07 1.36700E+07 1.36700E+07 1.36700E+07 1.36700E+07 1.36700E+07 1.36700E+07 1.36700E+07 1.36700E+07 1.36700E+07 1.36700E+07 1.36700E+07 1.36700E+07 1.36700E+07 1.36700E+07 1.36700E+07 1.36700E+07 1.36700E+07 1.36700E+07 1.36700E+07 1.36700E+07 1.36700E+07 1.36700E+07 1.36700E+07 1.36700E+07 1.36700E+07 1.36700E+07 1.36700E+07 1.36700E+07 1.36700E+07 1.36700E+07 1.36700E+07 1.36700E+07 1.36700E+07 1.36700E+07 1.36700E+07 1.36700E+07 1.36700E+07 1.36700E+07 1.36700E+07 1.36700E+07 1.36700E+07 1.36700E+07 1.36700E+07 1.36700E+07 1.36700E+07 1.36700E+07 1.36700E+07 1.36700E+07 1.36700E+07 1.36700E+07 1.36700E+07 1.36700E+07 1.36700E+07 1.36700E+07 1.36700E+07 1.36700E+07 1.36700E+07 1.36700E+07 1.36700E+07 1.36700E+07 ];

MAT_fuelsalt_BURNUP = [ 0.00000E+00 0.00000E+00 0.00000E+00 0.00000E+00 0.00000E+00 0.00000E+00 0.00000E+00 0.00000E+00 0.00000E+00 0.00000E+00 0.00000E+00 0.00000E+00 0.00000E+00 0.00000E+00 0.00000E+00 0.00000E+00 0.00000E+00 0.00000E+00 0.00000E+00 0.00000E+00 0.00000E+00 0.00000E+00 0.00000E+00 0.00000E+00 0.00000E+00 0.00000E+00 0.00000E+00 0.00000E+00 0.00000E+00 0.00000E+00 0.00000E+00 0.00000E+00 0.00000E+00 0.00000E+00 0.00000E+00 0.00000E+00 0.00000E+00 0.00000E+00 0.00000E+00 0.00000E+00 0.00000E+00 0.00000E+00 0.00000E+00 0.00000E+00 0.00000E+00 0.00000E+00 0.00000E+00 0.00000E+00 0.00000E+00 0.00000E+00 0.00000E+00 0.00000E+00 0.00000E+00 0.00000E+00 0.00000E+00 0.00000E+00 0.00000E+00 0.00000E+00 0.00000E+00 0.00000E+00 0.00000E+00 0.00000E+00 0.00000E+00 0.00000E+00 0.00000E+00 0.00000E+00 0.00000E+00 0.00000E+00 0.00000E+00 0.00000E+00 0.00000E+00 0.00000E+00 ];

MAT_fuelsalt_ADENS = [
0.00000E+00 5.40317E-17 1.07874E-16 2.59618E-15 7.80112E-15 1.81705E-14 3.61685E-14 5.39215E-14 7.13157E-14 8.85028E-14 1.05362E-13 1.22197E-13 1.38823E-13 1.55228E-13 1.71469E-13 1.87517E-13 2.03741E-13 2.19687E-13 2.35351E-13 2.51031E-13 2.66670E-13 2.82072E-13 2.97663E-13 3.13046E-13 3.28301E-13 3.43602E-13 3.58853E-13 3.73910E-13 4.39320E-13 5.03888E-13 5.67716E-13 6.31489E-13 6.94567E-13 7.57233E-13 8.19369E-13 8.81481E-13 9.43464E-13 1.00527E-12 1.06690E-12 1.12831E-12 1.19066E-12 1.25189E-12 1.31307E-12 1.37472E-12 1.43592E-12 1.49782E-12 1.55981E-12 1.62106E-12 1.68253E-12 1.74343E-12 1.80427E-12 1.86559E-12 1.92655E-12 1.98827E-12 2.04965E-12 2.11112E-12 2.17222E-12 2.23403E-12 2.29454E-12 2.35578E-12 2.41738E-12 2.47820E-12 2.53987E-12 2.60151E-12 2.66289E-12 2.72431E-12 2.78604E-12 2.84711E-12 2.90810E-12 2.96957E-12 3.02991E-12 3.09111E-12 % lost data
7.97438E-02 7.97438E-02 7.97438E-02 7.97438E-02 7.97439E-02 7.97441E-02 7.97443E-02 7.97446E-02 7.97448E-02 7.97451E-02 7.97454E-02 7.97456E-02 7.97459E-02 7.97461E-02 7.97464E-02 7.97466E-02 7.97469E-02 7.97472E-02 7.97474E-02 7.97477E-02 7.97479E-02 7.97482E-02 7.97484E-02 7.97487E-02 7.97489E-02 7.97492E-02 7.97495E-02 7.97497E-02 7.97508E-02 7.97519E-02 7.97530E-02 7.97541E-02 7.97551E-02 7.97562E-02 7.97572E-02 7.97582E-02 7.97592E-02 7.97602E-02 7.97612E-02 7.97622E-02 7.97631E-02 7.97641E-02 7.97650E-02 7.97659E-02 7.97668E-02 7.97677E-02 7.97686E-02 7.97695E-02 7.97703E-02 7.97712E-02 7.97720E-02 7.97728E-02 7.97737E-02 7.97745E-02 7.97753E-02 7.97760E-02 7.97768E-02 7.97776E-02 7.97783E-02 7.97790E-02 7.97798E-02 7.97805E-02 7.97812E-02 7.97819E-02 7.97826E-02 7.97833E-02 7.97839E-02 7.97846E-02 7.97853E-02 7.97859E-02 7.97865E-02 7.97872E-02 % total
];

MAT_fuelsalt_MDENS = [
0.00000E+00 0.00000E+00 0.00000E+00 0.00000E+00 0.00000E+00 0.00000E+00 0.00000E+00 0.00000E+00 0.00000E+00 0.00000E+00 0.00000E+00 0.00000E+00 0.00000E+00 0.00000E+00 0.00000E+00 0.00000E+00 0.00000E+00 0.00000E+00 0.00000E+00 0.00000E+00 0.00000E+00 0.00000E+00 0.00000E+00 0.00000E+00 0.00000E+00 0.00000E+00 0.00000E+00 0.00000E+00 0.00000E+00 0.00000E+00 0.00000E+00 0.00000E+00 0.00000E+00 0.00000E+00 0.00000E+00 0.00000E+00 0.00000E+00 0.00000E+00 0.00000E+00 0.00000E+00 0.00000E+00 0.00000E+00 0.00000E+00 0.00000E+00 0.00000E+00 0.00000E+00 0.00000E+00 0.00000E+00 0.00000E+00 0.00000E+00 0.00000E+00 0.00000E+00 0.00000E+00 0.00000E+00 0.00000E+00 0.00000E+00 0.00000E+00 0.00000E+00 0.00000E+00 0.00000E+00 0.00000E+00 0.00000E+00 0.00000E+00 0.00000E+00 0.00000E+00 0.00000E+00 0.00000E+00 0.00000E+00 0.00000E+00 0.00000E+00 0.00000E+00 0.00000E+00 % lost data
3.35931E+00 3.35931E+00 3.35931E+00 3.35930E+00 3.35927E+00 3.35921E+00 3.35911E+00 3.35900E+00 3.35889E+00 3.35879E+00 3.35868E+00 3.35857E+00 3.35847E+00 3.35836E+00 3.35826E+00 3.35816E+00 3.35805E+00 3.35795E+00 3.35785E+00 3.35775E+00 3.35764E+00 3.35754E+00 3.35744E+00 3.35734E+00 3.35724E+00 3.35714E+00 3.35704E+00 3.35695E+00 3.35652E+00 3.35610E+00 3.35569E+00 3.35528E+00 3.35488E+00 3.35449E+00 3.35410E+00 3.35372E+00 3.35335E+00 3.35298E+00 3.35262E+00 3.35226E+00 3.35191E+00 3.35156E+00 3.35122E+00 3.35088E+00 3.35055E+00 3.35022E+00 3.34990E+00 3.34958E+00 3.34927E+00 3.34896E+00 3.34866E+00 3.34836E+00 3.34806E+00 3.34777E+00 3.34748E+00 3.34720E+00 3.34692E+00 3.34665E+00 3.34637E+00 3.34611E+00 3.34584E+00 3.34558E+00 3.34533E+00 3.34507E+00 3.34482E+00 3.34458E+00 3.34434E+00 3.34410E+00 3.34386E+00 3.34363E+00 3.34340E+00 3.34317E+00 % total
];

MAT_fuelsalt_A = [
0.00000E+00 0.00000E+00 0.00000E+00 0.00000E+00 0.00000E+00 0.00000E+00 0.00000E+00 0.00000E+00 0.00000E+00 0.00000E+00 0.00000E+00 0.00000E+00 0.00000E+00 0.00000E+00 0.00000E+00 0.00000E+00 0.00000E+00 0.00000E+00 0.00000E+00 0.00000E+00 0.00000E+00 0.00000E+00 0.00000E+00 0.00000E+00 0.00000E+00 0.00000E+00 0.00000E+00 0.00000E+00 0.00000E+00 0.00000E+00 0.00000E+00 0.00000E+00 0.00000E+00 0.00000E+00 0.00000E+00 0.00000E+00 0.00000E+00 0.00000E+00 0.00000E+00 0.00000E+00 0.00000E+00 0.00000E+00 0.00000E+00 0.00000E+00 0.00000E+00 0.00000E+00 0.00000E+00 0.00000E+00 0.00000E+00 0.00000E+00 0.00000E+00 0.00000E+00 0.00000E+00 0.00000E+00 0.00000E+00 0.00000E+00 0.00000E+00 0.00000E+00 0.00000E+00 0.00000E+00 0.00000E+00 0.00000E+00 0.00000E+00 0.00000E+00 0.00000E+00 0.00000E+00 0.00000E+00 0.00000E+00 0.00000E+00 0.00000E+00 0.00000E+00 0.00000E+00 % lost data
1.15956E+12 6.24709E+19 7.06207E+19 9.14834E+19 1.00714E+20 1.08441E+20 1.13262E+20 1.13922E+20 1.13868E+20 1.13944E+20 1.13930E+20 1.14090E+20 1.13953E+20 1.14089E+20 1.13884E+20 1.13648E+20 1.13957E+20 1.13903E+20 1.13797E+20 1.13636E+20 1.13156E+20 1.13533E+20 1.13481E+20 1.13321E+20 1.13286E+20 1.13140E+20 1.13211E+20 1.12910E+20 1.16745E+20 1.16118E+20 1.15492E+20 1.15284E+20 1.15024E+20 1.14399E+20 1.13881E+20 1.13667E+20 1.13862E+20 1.13038E+20 1.13056E+20 1.12962E+20 1.12956E+20 1.12223E+20 1.12302E+20 1.12149E+20 1.11530E+20 1.11864E+20 1.11871E+20 1.11654E+20 1.11712E+20 1.11492E+20 1.11648E+20 1.11613E+20 1.11095E+20 1.11025E+20 1.10847E+20 1.10727E+20 1.10586E+20 1.10948E+20 1.10574E+20 1.10770E+20 1.10187E+20 1.10636E+20 1.10469E+20 1.10461E+20 1.10527E+20 1.10117E+20 1.09767E+20 1.09785E+20 1.09597E+20 1.09959E+20 1.09676E+20 1.09732E+20 % total
];

