
ZAI = [
666
0
];

NAMES = [
'lost            '
'total           '
];

iLOST    = 1;
iTOT     = 2;

MAT_fuelsalt_VOLUME = [ 1.36700E+07 1.36700E+07 1.36700E+07 1.36700E+07 1.36700E+07 1.36700E+07 1.36700E+07 1.36700E+07 1.36700E+07 1.36700E+07 1.36700E+07 1.36700E+07 1.36700E+07 1.36700E+07 1.36700E+07 1.36700E+07 1.36700E+07 1.36700E+07 1.36700E+07 1.36700E+07 1.36700E+07 1.36700E+07 1.36700E+07 1.36700E+07 1.36700E+07 1.36700E+07 1.36700E+07 1.36700E+07 1.36700E+07 1.36700E+07 1.36700E+07 1.36700E+07 1.36700E+07 1.36700E+07 1.36700E+07 1.36700E+07 1.36700E+07 1.36700E+07 1.36700E+07 1.36700E+07 1.36700E+07 1.36700E+07 1.36700E+07 1.36700E+07 1.36700E+07 1.36700E+07 1.36700E+07 1.36700E+07 1.36700E+07 1.36700E+07 1.36700E+07 1.36700E+07 1.36700E+07 1.36700E+07 1.36700E+07 1.36700E+07 1.36700E+07 1.36700E+07 1.36700E+07 1.36700E+07 1.36700E+07 1.36700E+07 1.36700E+07 1.36700E+07 1.36700E+07 1.36700E+07 1.36700E+07 1.36700E+07 1.36700E+07 1.36700E+07 1.36700E+07 1.36700E+07 ];

MAT_fuelsalt_BURNUP = [ 0.00000E+00 0.00000E+00 0.00000E+00 0.00000E+00 0.00000E+00 0.00000E+00 0.00000E+00 0.00000E+00 0.00000E+00 0.00000E+00 0.00000E+00 0.00000E+00 0.00000E+00 0.00000E+00 0.00000E+00 0.00000E+00 0.00000E+00 0.00000E+00 0.00000E+00 0.00000E+00 0.00000E+00 0.00000E+00 0.00000E+00 0.00000E+00 0.00000E+00 0.00000E+00 0.00000E+00 0.00000E+00 0.00000E+00 0.00000E+00 0.00000E+00 0.00000E+00 0.00000E+00 0.00000E+00 0.00000E+00 0.00000E+00 0.00000E+00 0.00000E+00 0.00000E+00 0.00000E+00 0.00000E+00 0.00000E+00 0.00000E+00 0.00000E+00 0.00000E+00 0.00000E+00 0.00000E+00 0.00000E+00 0.00000E+00 0.00000E+00 0.00000E+00 0.00000E+00 0.00000E+00 0.00000E+00 0.00000E+00 0.00000E+00 0.00000E+00 0.00000E+00 0.00000E+00 0.00000E+00 0.00000E+00 0.00000E+00 0.00000E+00 0.00000E+00 0.00000E+00 0.00000E+00 0.00000E+00 0.00000E+00 0.00000E+00 0.00000E+00 0.00000E+00 0.00000E+00 ];

MAT_fuelsalt_ADENS = [
0.00000E+00 5.40949E-17 1.07872E-16 2.59919E-15 7.79673E-15 1.81053E-14 3.60219E-14 5.36606E-14 7.10715E-14 8.83298E-14 1.05219E-13 1.21917E-13 1.38504E-13 1.54852E-13 1.71138E-13 1.87361E-13 2.03279E-13 2.19073E-13 2.34716E-13 2.50392E-13 2.66088E-13 2.81481E-13 2.96832E-13 3.12277E-13 3.27577E-13 3.42821E-13 3.57954E-13 3.73064E-13 4.37983E-13 5.02265E-13 5.65479E-13 6.28137E-13 6.90732E-13 7.53593E-13 8.15598E-13 8.77915E-13 9.39247E-13 1.00079E-12 1.06231E-12 1.12361E-12 1.18420E-12 1.24536E-12 1.30661E-12 1.36756E-12 1.42811E-12 1.48924E-12 1.55015E-12 1.61076E-12 1.67190E-12 1.73305E-12 1.79382E-12 1.85516E-12 1.91613E-12 1.97668E-12 2.03749E-12 2.09863E-12 2.15920E-12 2.22022E-12 2.28111E-12 2.34168E-12 2.40259E-12 2.46360E-12 2.52512E-12 2.58617E-12 2.64696E-12 2.70819E-12 2.76905E-12 2.83003E-12 2.89090E-12 2.95216E-12 3.01312E-12 3.07505E-12 % lost data
7.97438E-02 7.97438E-02 7.97438E-02 7.97438E-02 7.97439E-02 7.97441E-02 7.97443E-02 7.97446E-02 7.97448E-02 7.97451E-02 7.97454E-02 7.97456E-02 7.97459E-02 7.97461E-02 7.97464E-02 7.97467E-02 7.97469E-02 7.97472E-02 7.97474E-02 7.97477E-02 7.97480E-02 7.97482E-02 7.97485E-02 7.97487E-02 7.97490E-02 7.97493E-02 7.97495E-02 7.97498E-02 7.97509E-02 7.97521E-02 7.97532E-02 7.97543E-02 7.97554E-02 7.97565E-02 7.97576E-02 7.97587E-02 7.97598E-02 7.97609E-02 7.97619E-02 7.97630E-02 7.97640E-02 7.97651E-02 7.97661E-02 7.97671E-02 7.97682E-02 7.97692E-02 7.97702E-02 7.97712E-02 7.97722E-02 7.97731E-02 7.97741E-02 7.97751E-02 7.97760E-02 7.97770E-02 7.97779E-02 7.97788E-02 7.97797E-02 7.97807E-02 7.97816E-02 7.97825E-02 7.97833E-02 7.97842E-02 7.97851E-02 7.97860E-02 7.97868E-02 7.97877E-02 7.97885E-02 7.97894E-02 7.97902E-02 7.97910E-02 7.97918E-02 7.97926E-02 % total
];

MAT_fuelsalt_MDENS = [
0.00000E+00 0.00000E+00 0.00000E+00 0.00000E+00 0.00000E+00 0.00000E+00 0.00000E+00 0.00000E+00 0.00000E+00 0.00000E+00 0.00000E+00 0.00000E+00 0.00000E+00 0.00000E+00 0.00000E+00 0.00000E+00 0.00000E+00 0.00000E+00 0.00000E+00 0.00000E+00 0.00000E+00 0.00000E+00 0.00000E+00 0.00000E+00 0.00000E+00 0.00000E+00 0.00000E+00 0.00000E+00 0.00000E+00 0.00000E+00 0.00000E+00 0.00000E+00 0.00000E+00 0.00000E+00 0.00000E+00 0.00000E+00 0.00000E+00 0.00000E+00 0.00000E+00 0.00000E+00 0.00000E+00 0.00000E+00 0.00000E+00 0.00000E+00 0.00000E+00 0.00000E+00 0.00000E+00 0.00000E+00 0.00000E+00 0.00000E+00 0.00000E+00 0.00000E+00 0.00000E+00 0.00000E+00 0.00000E+00 0.00000E+00 0.00000E+00 0.00000E+00 0.00000E+00 0.00000E+00 0.00000E+00 0.00000E+00 0.00000E+00 0.00000E+00 0.00000E+00 0.00000E+00 0.00000E+00 0.00000E+00 0.00000E+00 0.00000E+00 0.00000E+00 0.00000E+00 % lost data
3.35931E+00 3.35931E+00 3.35931E+00 3.35930E+00 3.35927E+00 3.35921E+00 3.35911E+00 3.35900E+00 3.35890E+00 3.35879E+00 3.35868E+00 3.35858E+00 3.35847E+00 3.35837E+00 3.35826E+00 3.35816E+00 3.35806E+00 3.35795E+00 3.35785E+00 3.35775E+00 3.35765E+00 3.35754E+00 3.35744E+00 3.35734E+00 3.35724E+00 3.35714E+00 3.35704E+00 3.35694E+00 3.35650E+00 3.35608E+00 3.35565E+00 3.35523E+00 3.35482E+00 3.35441E+00 3.35400E+00 3.35360E+00 3.35320E+00 3.35281E+00 3.35242E+00 3.35203E+00 3.35165E+00 3.35127E+00 3.35090E+00 3.35053E+00 3.35016E+00 3.34979E+00 3.34943E+00 3.34908E+00 3.34872E+00 3.34837E+00 3.34802E+00 3.34768E+00 3.34734E+00 3.34700E+00 3.34666E+00 3.34633E+00 3.34600E+00 3.34567E+00 3.34535E+00 3.34503E+00 3.34471E+00 3.34440E+00 3.34409E+00 3.34378E+00 3.34347E+00 3.34317E+00 3.34286E+00 3.34257E+00 3.34227E+00 3.34198E+00 3.34169E+00 3.34140E+00 % total
];

MAT_fuelsalt_A = [
0.00000E+00 0.00000E+00 0.00000E+00 0.00000E+00 0.00000E+00 0.00000E+00 0.00000E+00 0.00000E+00 0.00000E+00 0.00000E+00 0.00000E+00 0.00000E+00 0.00000E+00 0.00000E+00 0.00000E+00 0.00000E+00 0.00000E+00 0.00000E+00 0.00000E+00 0.00000E+00 0.00000E+00 0.00000E+00 0.00000E+00 0.00000E+00 0.00000E+00 0.00000E+00 0.00000E+00 0.00000E+00 0.00000E+00 0.00000E+00 0.00000E+00 0.00000E+00 0.00000E+00 0.00000E+00 0.00000E+00 0.00000E+00 0.00000E+00 0.00000E+00 0.00000E+00 0.00000E+00 0.00000E+00 0.00000E+00 0.00000E+00 0.00000E+00 0.00000E+00 0.00000E+00 0.00000E+00 0.00000E+00 0.00000E+00 0.00000E+00 0.00000E+00 0.00000E+00 0.00000E+00 0.00000E+00 0.00000E+00 0.00000E+00 0.00000E+00 0.00000E+00 0.00000E+00 0.00000E+00 0.00000E+00 0.00000E+00 0.00000E+00 0.00000E+00 0.00000E+00 0.00000E+00 0.00000E+00 0.00000E+00 0.00000E+00 0.00000E+00 0.00000E+00 0.00000E+00 % lost data
1.15956E+12 6.24664E+19 7.05270E+19 9.13962E+19 1.00643E+20 1.08549E+20 1.13095E+20 1.13598E+20 1.14026E+20 1.14259E+20 1.14037E+20 1.13784E+20 1.14285E+20 1.13990E+20 1.14107E+20 1.13899E+20 1.13585E+20 1.14078E+20 1.13884E+20 1.14010E+20 1.13856E+20 1.13788E+20 1.13406E+20 1.13549E+20 1.13658E+20 1.13726E+20 1.13350E+20 1.13216E+20 1.16656E+20 1.16197E+20 1.15761E+20 1.15554E+20 1.14790E+20 1.14675E+20 1.14551E+20 1.14522E+20 1.14311E+20 1.13763E+20 1.13767E+20 1.13759E+20 1.13773E+20 1.13311E+20 1.13020E+20 1.13024E+20 1.12906E+20 1.12339E+20 1.12691E+20 1.12522E+20 1.12590E+20 1.12746E+20 1.11963E+20 1.12053E+20 1.11880E+20 1.11986E+20 1.11394E+20 1.11722E+20 1.11412E+20 1.11717E+20 1.11283E+20 1.11108E+20 1.11501E+20 1.11322E+20 1.11107E+20 1.11181E+20 1.11043E+20 1.10906E+20 1.11022E+20 1.11099E+20 1.11093E+20 1.10703E+20 1.10810E+20 1.10833E+20 % total
];

