
ZAI = [
666
0
];

NAMES = [
'lost            '
'total           '
];

iLOST    = 1;
iTOT     = 2;

MAT_fuelsalt_VOLUME = [ 1.36700E+07 1.36700E+07 1.36700E+07 1.36700E+07 1.36700E+07 1.36700E+07 1.36700E+07 1.36700E+07 1.36700E+07 1.36700E+07 1.36700E+07 1.36700E+07 1.36700E+07 1.36700E+07 1.36700E+07 1.36700E+07 1.36700E+07 1.36700E+07 1.36700E+07 1.36700E+07 1.36700E+07 1.36700E+07 1.36700E+07 1.36700E+07 1.36700E+07 1.36700E+07 1.36700E+07 1.36700E+07 1.36700E+07 1.36700E+07 1.36700E+07 1.36700E+07 1.36700E+07 1.36700E+07 1.36700E+07 1.36700E+07 1.36700E+07 1.36700E+07 1.36700E+07 1.36700E+07 1.36700E+07 1.36700E+07 1.36700E+07 1.36700E+07 1.36700E+07 1.36700E+07 1.36700E+07 1.36700E+07 1.36700E+07 1.36700E+07 1.36700E+07 1.36700E+07 1.36700E+07 1.36700E+07 1.36700E+07 1.36700E+07 1.36700E+07 1.36700E+07 1.36700E+07 1.36700E+07 1.36700E+07 1.36700E+07 1.36700E+07 1.36700E+07 1.36700E+07 1.36700E+07 1.36700E+07 1.36700E+07 1.36700E+07 1.36700E+07 1.36700E+07 1.36700E+07 ];

MAT_fuelsalt_BURNUP = [ 0.00000E+00 0.00000E+00 0.00000E+00 0.00000E+00 0.00000E+00 0.00000E+00 0.00000E+00 0.00000E+00 0.00000E+00 0.00000E+00 0.00000E+00 0.00000E+00 0.00000E+00 0.00000E+00 0.00000E+00 0.00000E+00 0.00000E+00 0.00000E+00 0.00000E+00 0.00000E+00 0.00000E+00 0.00000E+00 0.00000E+00 0.00000E+00 0.00000E+00 0.00000E+00 0.00000E+00 0.00000E+00 0.00000E+00 0.00000E+00 0.00000E+00 0.00000E+00 0.00000E+00 0.00000E+00 0.00000E+00 0.00000E+00 0.00000E+00 0.00000E+00 0.00000E+00 0.00000E+00 0.00000E+00 0.00000E+00 0.00000E+00 0.00000E+00 0.00000E+00 0.00000E+00 0.00000E+00 0.00000E+00 0.00000E+00 0.00000E+00 0.00000E+00 0.00000E+00 0.00000E+00 0.00000E+00 0.00000E+00 0.00000E+00 0.00000E+00 0.00000E+00 0.00000E+00 0.00000E+00 0.00000E+00 0.00000E+00 0.00000E+00 0.00000E+00 0.00000E+00 0.00000E+00 0.00000E+00 0.00000E+00 0.00000E+00 0.00000E+00 0.00000E+00 0.00000E+00 ];

MAT_fuelsalt_ADENS = [
0.00000E+00 5.37854E-17 1.07563E-16 2.58932E-15 7.73218E-15 1.80013E-14 3.59852E-14 5.36228E-14 7.09562E-14 8.80057E-14 1.04809E-13 1.21591E-13 1.38084E-13 1.54384E-13 1.70513E-13 1.86597E-13 2.02444E-13 2.18188E-13 2.33833E-13 2.49428E-13 2.64889E-13 2.80344E-13 2.95618E-13 3.10871E-13 3.26042E-13 3.41155E-13 3.56184E-13 3.71204E-13 4.35839E-13 4.99557E-13 5.61471E-13 6.23875E-13 6.85675E-13 7.47210E-13 8.08045E-13 8.68387E-13 9.29104E-13 9.90041E-13 1.04985E-12 1.10964E-12 1.16995E-12 1.23051E-12 1.29044E-12 1.35026E-12 1.41095E-12 1.47136E-12 1.53131E-12 1.59118E-12 1.65122E-12 1.71132E-12 1.77108E-12 1.83061E-12 1.89100E-12 1.95097E-12 2.01052E-12 2.07088E-12 2.12989E-12 2.18942E-12 2.24981E-12 2.31026E-12 2.36915E-12 2.42917E-12 2.48900E-12 2.54909E-12 2.60909E-12 2.66868E-12 2.72832E-12 2.78837E-12 2.84885E-12 2.90894E-12 2.96879E-12 3.02931E-12 % lost data
7.97438E-02 7.97438E-02 7.97438E-02 7.97438E-02 7.97439E-02 7.97441E-02 7.97443E-02 7.97446E-02 7.97448E-02 7.97451E-02 7.97454E-02 7.97456E-02 7.97459E-02 7.97461E-02 7.97464E-02 7.97467E-02 7.97469E-02 7.97472E-02 7.97474E-02 7.97477E-02 7.97480E-02 7.97482E-02 7.97485E-02 7.97488E-02 7.97490E-02 7.97493E-02 7.97495E-02 7.97498E-02 7.97510E-02 7.97521E-02 7.97533E-02 7.97544E-02 7.97555E-02 7.97567E-02 7.97578E-02 7.97589E-02 7.97601E-02 7.97612E-02 7.97623E-02 7.97634E-02 7.97645E-02 7.97656E-02 7.97667E-02 7.97678E-02 7.97688E-02 7.97699E-02 7.97710E-02 7.97720E-02 7.97731E-02 7.97742E-02 7.97752E-02 7.97762E-02 7.97773E-02 7.97783E-02 7.97793E-02 7.97803E-02 7.97813E-02 7.97823E-02 7.97833E-02 7.97843E-02 7.97853E-02 7.97863E-02 7.97873E-02 7.97883E-02 7.97892E-02 7.97902E-02 7.97911E-02 7.97921E-02 7.97930E-02 7.97940E-02 7.97949E-02 7.97958E-02 % total
];

MAT_fuelsalt_MDENS = [
0.00000E+00 0.00000E+00 0.00000E+00 0.00000E+00 0.00000E+00 0.00000E+00 0.00000E+00 0.00000E+00 0.00000E+00 0.00000E+00 0.00000E+00 0.00000E+00 0.00000E+00 0.00000E+00 0.00000E+00 0.00000E+00 0.00000E+00 0.00000E+00 0.00000E+00 0.00000E+00 0.00000E+00 0.00000E+00 0.00000E+00 0.00000E+00 0.00000E+00 0.00000E+00 0.00000E+00 0.00000E+00 0.00000E+00 0.00000E+00 0.00000E+00 0.00000E+00 0.00000E+00 0.00000E+00 0.00000E+00 0.00000E+00 0.00000E+00 0.00000E+00 0.00000E+00 0.00000E+00 0.00000E+00 0.00000E+00 0.00000E+00 0.00000E+00 0.00000E+00 0.00000E+00 0.00000E+00 0.00000E+00 0.00000E+00 0.00000E+00 0.00000E+00 0.00000E+00 0.00000E+00 0.00000E+00 0.00000E+00 0.00000E+00 0.00000E+00 0.00000E+00 0.00000E+00 0.00000E+00 0.00000E+00 0.00000E+00 0.00000E+00 0.00000E+00 0.00000E+00 0.00000E+00 0.00000E+00 0.00000E+00 0.00000E+00 0.00000E+00 0.00000E+00 0.00000E+00 % lost data
3.35931E+00 3.35931E+00 3.35931E+00 3.35930E+00 3.35927E+00 3.35922E+00 3.35911E+00 3.35901E+00 3.35890E+00 3.35880E+00 3.35870E+00 3.35859E+00 3.35849E+00 3.35839E+00 3.35828E+00 3.35818E+00 3.35808E+00 3.35798E+00 3.35788E+00 3.35777E+00 3.35767E+00 3.35757E+00 3.35747E+00 3.35737E+00 3.35727E+00 3.35717E+00 3.35707E+00 3.35697E+00 3.35655E+00 3.35612E+00 3.35570E+00 3.35528E+00 3.35487E+00 3.35446E+00 3.35405E+00 3.35364E+00 3.35324E+00 3.35285E+00 3.35245E+00 3.35206E+00 3.35167E+00 3.35128E+00 3.35090E+00 3.35052E+00 3.35014E+00 3.34977E+00 3.34939E+00 3.34902E+00 3.34865E+00 3.34829E+00 3.34793E+00 3.34756E+00 3.34721E+00 3.34685E+00 3.34650E+00 3.34615E+00 3.34580E+00 3.34545E+00 3.34510E+00 3.34476E+00 3.34442E+00 3.34408E+00 3.34375E+00 3.34341E+00 3.34308E+00 3.34275E+00 3.34243E+00 3.34210E+00 3.34178E+00 3.34146E+00 3.34114E+00 3.34082E+00 % total
];

MAT_fuelsalt_A = [
0.00000E+00 0.00000E+00 0.00000E+00 0.00000E+00 0.00000E+00 0.00000E+00 0.00000E+00 0.00000E+00 0.00000E+00 0.00000E+00 0.00000E+00 0.00000E+00 0.00000E+00 0.00000E+00 0.00000E+00 0.00000E+00 0.00000E+00 0.00000E+00 0.00000E+00 0.00000E+00 0.00000E+00 0.00000E+00 0.00000E+00 0.00000E+00 0.00000E+00 0.00000E+00 0.00000E+00 0.00000E+00 0.00000E+00 0.00000E+00 0.00000E+00 0.00000E+00 0.00000E+00 0.00000E+00 0.00000E+00 0.00000E+00 0.00000E+00 0.00000E+00 0.00000E+00 0.00000E+00 0.00000E+00 0.00000E+00 0.00000E+00 0.00000E+00 0.00000E+00 0.00000E+00 0.00000E+00 0.00000E+00 0.00000E+00 0.00000E+00 0.00000E+00 0.00000E+00 0.00000E+00 0.00000E+00 0.00000E+00 0.00000E+00 0.00000E+00 0.00000E+00 0.00000E+00 0.00000E+00 0.00000E+00 0.00000E+00 0.00000E+00 0.00000E+00 0.00000E+00 0.00000E+00 0.00000E+00 0.00000E+00 0.00000E+00 0.00000E+00 0.00000E+00 0.00000E+00 % lost data
1.15956E+12 6.25130E+19 7.05472E+19 9.12287E+19 1.00576E+20 1.08419E+20 1.13017E+20 1.13687E+20 1.13931E+20 1.14175E+20 1.14160E+20 1.14143E+20 1.14311E+20 1.14377E+20 1.14565E+20 1.14370E+20 1.14285E+20 1.14175E+20 1.14028E+20 1.14527E+20 1.14403E+20 1.14328E+20 1.14010E+20 1.14355E+20 1.14026E+20 1.14335E+20 1.13857E+20 1.13966E+20 1.17084E+20 1.16860E+20 1.16139E+20 1.16028E+20 1.16242E+20 1.15632E+20 1.15594E+20 1.15359E+20 1.15030E+20 1.15247E+20 1.15004E+20 1.15101E+20 1.14208E+20 1.14951E+20 1.14373E+20 1.14578E+20 1.14533E+20 1.14408E+20 1.14134E+20 1.14099E+20 1.14001E+20 1.13711E+20 1.14020E+20 1.14057E+20 1.13637E+20 1.13958E+20 1.13893E+20 1.13940E+20 1.13469E+20 1.13759E+20 1.13399E+20 1.13350E+20 1.13212E+20 1.13259E+20 1.13038E+20 1.13365E+20 1.13204E+20 1.13299E+20 1.13127E+20 1.12995E+20 1.12591E+20 1.13158E+20 1.12698E+20 1.12943E+20 % total
];

