
ZAI = [
666
0
];

NAMES = [
'lost            '
'total           '
];

iLOST    = 1;
iTOT     = 2;

MAT_fuelsalt_VOLUME = [ 1.36700E+07 1.36700E+07 1.36700E+07 1.36700E+07 1.36700E+07 1.36700E+07 1.36700E+07 1.36700E+07 1.36700E+07 1.36700E+07 1.36700E+07 1.36700E+07 1.36700E+07 1.36700E+07 1.36700E+07 1.36700E+07 1.36700E+07 1.36700E+07 1.36700E+07 1.36700E+07 1.36700E+07 1.36700E+07 1.36700E+07 1.36700E+07 1.36700E+07 1.36700E+07 1.36700E+07 1.36700E+07 1.36700E+07 1.36700E+07 1.36700E+07 1.36700E+07 1.36700E+07 1.36700E+07 1.36700E+07 1.36700E+07 1.36700E+07 1.36700E+07 1.36700E+07 1.36700E+07 1.36700E+07 1.36700E+07 1.36700E+07 1.36700E+07 1.36700E+07 1.36700E+07 1.36700E+07 1.36700E+07 1.36700E+07 1.36700E+07 1.36700E+07 1.36700E+07 1.36700E+07 1.36700E+07 1.36700E+07 1.36700E+07 1.36700E+07 1.36700E+07 1.36700E+07 1.36700E+07 1.36700E+07 1.36700E+07 1.36700E+07 1.36700E+07 1.36700E+07 1.36700E+07 1.36700E+07 1.36700E+07 1.36700E+07 1.36700E+07 1.36700E+07 1.36700E+07 ];

MAT_fuelsalt_BURNUP = [ 0.00000E+00 0.00000E+00 0.00000E+00 0.00000E+00 0.00000E+00 0.00000E+00 0.00000E+00 0.00000E+00 0.00000E+00 0.00000E+00 0.00000E+00 0.00000E+00 0.00000E+00 0.00000E+00 0.00000E+00 0.00000E+00 0.00000E+00 0.00000E+00 0.00000E+00 0.00000E+00 0.00000E+00 0.00000E+00 0.00000E+00 0.00000E+00 0.00000E+00 0.00000E+00 0.00000E+00 0.00000E+00 0.00000E+00 0.00000E+00 0.00000E+00 0.00000E+00 0.00000E+00 0.00000E+00 0.00000E+00 0.00000E+00 0.00000E+00 0.00000E+00 0.00000E+00 0.00000E+00 0.00000E+00 0.00000E+00 0.00000E+00 0.00000E+00 0.00000E+00 0.00000E+00 0.00000E+00 0.00000E+00 0.00000E+00 0.00000E+00 0.00000E+00 0.00000E+00 0.00000E+00 0.00000E+00 0.00000E+00 0.00000E+00 0.00000E+00 0.00000E+00 0.00000E+00 0.00000E+00 0.00000E+00 0.00000E+00 0.00000E+00 0.00000E+00 0.00000E+00 0.00000E+00 0.00000E+00 0.00000E+00 0.00000E+00 0.00000E+00 0.00000E+00 0.00000E+00 ];

MAT_fuelsalt_ADENS = [
0.00000E+00 5.41948E-17 1.07936E-16 2.61822E-15 7.64915E-15 1.72887E-14 3.29790E-14 4.76084E-14 6.19887E-14 7.65744E-14 9.09116E-14 1.05699E-13 1.20363E-13 1.35225E-13 1.50246E-13 1.65257E-13 1.80628E-13 1.96463E-13 2.12162E-13 2.28284E-13 2.44093E-13 2.60476E-13 2.76724E-13 2.93215E-13 3.09640E-13 3.26475E-13 3.43038E-13 3.60044E-13 4.34270E-13 5.09273E-13 5.84676E-13 6.62068E-13 7.39325E-13 8.17818E-13 8.96364E-13 9.73696E-13 1.05291E-12 1.13198E-12 1.21055E-12 1.28909E-12 1.36927E-12 1.44757E-12 1.52705E-12 1.60647E-12 1.68518E-12 1.76563E-12 1.84541E-12 1.92596E-12 2.00508E-12 2.08467E-12 2.16317E-12 2.24328E-12 2.32171E-12 2.40085E-12 2.48082E-12 2.56047E-12 2.64034E-12 2.72011E-12 2.79929E-12 2.87823E-12 2.95745E-12 3.03795E-12 3.11825E-12 3.19737E-12 3.27807E-12 3.35664E-12 3.43725E-12 3.51624E-12 3.59485E-12 3.67530E-12 3.75518E-12 3.83366E-12 % lost data
7.97438E-02 7.97438E-02 7.97439E-02 7.97469E-02 7.97531E-02 7.97654E-02 7.97862E-02 7.98062E-02 7.98255E-02 7.98440E-02 7.98618E-02 7.98790E-02 7.98955E-02 7.99114E-02 7.99267E-02 7.99415E-02 7.99557E-02 7.99693E-02 7.99825E-02 7.99951E-02 8.00073E-02 8.00190E-02 8.00303E-02 8.00412E-02 8.00516E-02 8.00617E-02 8.00714E-02 8.00807E-02 8.01170E-02 8.01477E-02 8.01739E-02 8.01961E-02 8.02149E-02 8.02309E-02 8.02445E-02 8.02560E-02 8.02658E-02 8.02742E-02 8.02812E-02 8.02872E-02 8.02923E-02 8.02967E-02 8.03003E-02 8.03035E-02 8.03061E-02 8.03084E-02 8.03103E-02 8.03119E-02 8.03133E-02 8.03145E-02 8.03155E-02 8.03163E-02 8.03170E-02 8.03176E-02 8.03181E-02 8.03186E-02 8.03190E-02 8.03193E-02 8.03195E-02 8.03198E-02 8.03200E-02 8.03201E-02 8.03203E-02 8.03204E-02 8.03205E-02 8.03206E-02 8.03206E-02 8.03207E-02 8.03208E-02 8.03208E-02 8.03208E-02 8.03209E-02 % total
];

MAT_fuelsalt_MDENS = [
0.00000E+00 0.00000E+00 0.00000E+00 0.00000E+00 0.00000E+00 0.00000E+00 0.00000E+00 0.00000E+00 0.00000E+00 0.00000E+00 0.00000E+00 0.00000E+00 0.00000E+00 0.00000E+00 0.00000E+00 0.00000E+00 0.00000E+00 0.00000E+00 0.00000E+00 0.00000E+00 0.00000E+00 0.00000E+00 0.00000E+00 0.00000E+00 0.00000E+00 0.00000E+00 0.00000E+00 0.00000E+00 0.00000E+00 0.00000E+00 0.00000E+00 0.00000E+00 0.00000E+00 0.00000E+00 0.00000E+00 0.00000E+00 0.00000E+00 0.00000E+00 0.00000E+00 0.00000E+00 0.00000E+00 0.00000E+00 0.00000E+00 0.00000E+00 0.00000E+00 0.00000E+00 0.00000E+00 0.00000E+00 0.00000E+00 0.00000E+00 0.00000E+00 0.00000E+00 0.00000E+00 0.00000E+00 0.00000E+00 0.00000E+00 0.00000E+00 0.00000E+00 0.00000E+00 0.00000E+00 0.00000E+00 0.00000E+00 0.00000E+00 0.00000E+00 0.00000E+00 0.00000E+00 0.00000E+00 0.00000E+00 0.00000E+00 0.00000E+00 0.00000E+00 0.00000E+00 % lost data
3.35931E+00 3.35931E+00 3.35932E+00 3.35947E+00 3.35977E+00 3.36037E+00 3.36139E+00 3.36237E+00 3.36331E+00 3.36422E+00 3.36510E+00 3.36595E+00 3.36677E+00 3.36756E+00 3.36831E+00 3.36904E+00 3.36975E+00 3.37043E+00 3.37108E+00 3.37171E+00 3.37231E+00 3.37289E+00 3.37345E+00 3.37400E+00 3.37452E+00 3.37502E+00 3.37550E+00 3.37596E+00 3.37775E+00 3.37927E+00 3.38057E+00 3.38167E+00 3.38261E+00 3.38341E+00 3.38409E+00 3.38466E+00 3.38516E+00 3.38557E+00 3.38593E+00 3.38623E+00 3.38649E+00 3.38671E+00 3.38689E+00 3.38705E+00 3.38718E+00 3.38730E+00 3.38739E+00 3.38748E+00 3.38755E+00 3.38761E+00 3.38766E+00 3.38770E+00 3.38774E+00 3.38777E+00 3.38779E+00 3.38782E+00 3.38784E+00 3.38785E+00 3.38787E+00 3.38788E+00 3.38789E+00 3.38789E+00 3.38790E+00 3.38791E+00 3.38791E+00 3.38792E+00 3.38792E+00 3.38792E+00 3.38793E+00 3.38793E+00 3.38793E+00 3.38793E+00 % total
];

MAT_fuelsalt_A = [
0.00000E+00 0.00000E+00 0.00000E+00 0.00000E+00 0.00000E+00 0.00000E+00 0.00000E+00 0.00000E+00 0.00000E+00 0.00000E+00 0.00000E+00 0.00000E+00 0.00000E+00 0.00000E+00 0.00000E+00 0.00000E+00 0.00000E+00 0.00000E+00 0.00000E+00 0.00000E+00 0.00000E+00 0.00000E+00 0.00000E+00 0.00000E+00 0.00000E+00 0.00000E+00 0.00000E+00 0.00000E+00 0.00000E+00 0.00000E+00 0.00000E+00 0.00000E+00 0.00000E+00 0.00000E+00 0.00000E+00 0.00000E+00 0.00000E+00 0.00000E+00 0.00000E+00 0.00000E+00 0.00000E+00 0.00000E+00 0.00000E+00 0.00000E+00 0.00000E+00 0.00000E+00 0.00000E+00 0.00000E+00 0.00000E+00 0.00000E+00 0.00000E+00 0.00000E+00 0.00000E+00 0.00000E+00 0.00000E+00 0.00000E+00 0.00000E+00 0.00000E+00 0.00000E+00 0.00000E+00 0.00000E+00 0.00000E+00 0.00000E+00 0.00000E+00 0.00000E+00 0.00000E+00 0.00000E+00 0.00000E+00 0.00000E+00 0.00000E+00 0.00000E+00 0.00000E+00 % lost data
1.15956E+12 6.25145E+19 7.06150E+19 9.72748E+19 1.11501E+20 1.26394E+20 1.35279E+20 1.26948E+20 1.22284E+20 1.19024E+20 1.17199E+20 1.16343E+20 1.14342E+20 1.13199E+20 1.13638E+20 1.12738E+20 1.11775E+20 1.11131E+20 1.10685E+20 1.10498E+20 1.10398E+20 1.09430E+20 1.08941E+20 1.08932E+20 1.08694E+20 1.07876E+20 1.08419E+20 1.07953E+20 1.12966E+20 1.10880E+20 1.09359E+20 1.07838E+20 1.07232E+20 1.06840E+20 1.06422E+20 1.05788E+20 1.05184E+20 1.05101E+20 1.05002E+20 1.04464E+20 1.04029E+20 1.04700E+20 1.03971E+20 1.04039E+20 1.03577E+20 1.04116E+20 1.03720E+20 1.03448E+20 1.03874E+20 1.04514E+20 1.03167E+20 1.03494E+20 1.04200E+20 1.03866E+20 1.03848E+20 1.03823E+20 1.03461E+20 1.03863E+20 1.03413E+20 1.03496E+20 1.03976E+20 1.03244E+20 1.04334E+20 1.04259E+20 1.03426E+20 1.03658E+20 1.03499E+20 1.03322E+20 1.03976E+20 1.03410E+20 1.03630E+20 1.03694E+20 % total
];

