
ZAI = [
666
0
];

NAMES = [
'lost            '
'total           '
];

iLOST    = 1;
iTOT     = 2;

MAT_fuelsalt_VOLUME = [ 1.36700E+07 1.36700E+07 1.36700E+07 1.36700E+07 1.36700E+07 1.36700E+07 1.36700E+07 1.36700E+07 1.36700E+07 1.36700E+07 1.36700E+07 1.36700E+07 1.36700E+07 1.36700E+07 1.36700E+07 1.36700E+07 1.36700E+07 1.36700E+07 1.36700E+07 1.36700E+07 1.36700E+07 1.36700E+07 1.36700E+07 1.36700E+07 1.36700E+07 1.36700E+07 1.36700E+07 1.36700E+07 1.36700E+07 1.36700E+07 1.36700E+07 1.36700E+07 1.36700E+07 1.36700E+07 1.36700E+07 1.36700E+07 1.36700E+07 1.36700E+07 1.36700E+07 1.36700E+07 1.36700E+07 1.36700E+07 1.36700E+07 1.36700E+07 1.36700E+07 1.36700E+07 1.36700E+07 1.36700E+07 1.36700E+07 1.36700E+07 1.36700E+07 1.36700E+07 1.36700E+07 1.36700E+07 1.36700E+07 1.36700E+07 1.36700E+07 1.36700E+07 1.36700E+07 1.36700E+07 1.36700E+07 1.36700E+07 1.36700E+07 1.36700E+07 1.36700E+07 1.36700E+07 1.36700E+07 1.36700E+07 1.36700E+07 1.36700E+07 1.36700E+07 1.36700E+07 ];

MAT_fuelsalt_BURNUP = [ 0.00000E+00 0.00000E+00 0.00000E+00 0.00000E+00 0.00000E+00 0.00000E+00 0.00000E+00 0.00000E+00 0.00000E+00 0.00000E+00 0.00000E+00 0.00000E+00 0.00000E+00 0.00000E+00 0.00000E+00 0.00000E+00 0.00000E+00 0.00000E+00 0.00000E+00 0.00000E+00 0.00000E+00 0.00000E+00 0.00000E+00 0.00000E+00 0.00000E+00 0.00000E+00 0.00000E+00 0.00000E+00 0.00000E+00 0.00000E+00 0.00000E+00 0.00000E+00 0.00000E+00 0.00000E+00 0.00000E+00 0.00000E+00 0.00000E+00 0.00000E+00 0.00000E+00 0.00000E+00 0.00000E+00 0.00000E+00 0.00000E+00 0.00000E+00 0.00000E+00 0.00000E+00 0.00000E+00 0.00000E+00 0.00000E+00 0.00000E+00 0.00000E+00 0.00000E+00 0.00000E+00 0.00000E+00 0.00000E+00 0.00000E+00 0.00000E+00 0.00000E+00 0.00000E+00 0.00000E+00 0.00000E+00 0.00000E+00 0.00000E+00 0.00000E+00 0.00000E+00 0.00000E+00 0.00000E+00 0.00000E+00 0.00000E+00 0.00000E+00 0.00000E+00 0.00000E+00 ];

MAT_fuelsalt_ADENS = [
0.00000E+00 5.14268E-17 1.02649E-16 2.47740E-15 7.31521E-15 1.66354E-14 3.20692E-14 4.66349E-14 6.04290E-14 7.38266E-14 8.71422E-14 1.00551E-13 1.14114E-13 1.27627E-13 1.41432E-13 1.54978E-13 1.68475E-13 1.82331E-13 1.96090E-13 2.10255E-13 2.24401E-13 2.38605E-13 2.53134E-13 2.67763E-13 2.82846E-13 2.97494E-13 3.12424E-13 3.26978E-13 3.91604E-13 4.55540E-13 5.22682E-13 5.91446E-13 6.59870E-13 7.28254E-13 7.97719E-13 8.67329E-13 9.37871E-13 1.00809E-12 1.07953E-12 1.15123E-12 1.22295E-12 1.29503E-12 1.36763E-12 1.44040E-12 1.51240E-12 1.58408E-12 1.65635E-12 1.72854E-12 1.80071E-12 1.87285E-12 1.94494E-12 2.01727E-12 2.09015E-12 2.16344E-12 2.23667E-12 2.30940E-12 2.38240E-12 2.45453E-12 2.52720E-12 2.60012E-12 2.67256E-12 2.74519E-12 2.81796E-12 2.89133E-12 2.96603E-12 3.03767E-12 3.11050E-12 3.18305E-12 3.25536E-12 3.32826E-12 3.40128E-12 3.47498E-12 % lost data
6.51224E-02 6.51224E-02 6.51224E-02 6.51238E-02 6.51266E-02 6.51321E-02 6.51416E-02 6.51507E-02 6.51595E-02 6.51681E-02 6.51763E-02 6.51843E-02 6.51921E-02 6.51996E-02 6.52068E-02 6.52138E-02 6.52206E-02 6.52272E-02 6.52336E-02 6.52397E-02 6.52457E-02 6.52515E-02 6.52570E-02 6.52625E-02 6.52677E-02 6.52728E-02 6.52777E-02 6.52824E-02 6.53011E-02 6.53174E-02 6.53315E-02 6.53438E-02 6.53545E-02 6.53638E-02 6.53718E-02 6.53788E-02 6.53849E-02 6.53902E-02 6.53949E-02 6.53989E-02 6.54023E-02 6.54054E-02 6.54080E-02 6.54103E-02 6.54123E-02 6.54140E-02 6.54155E-02 6.54168E-02 6.54179E-02 6.54189E-02 6.54198E-02 6.54205E-02 6.54212E-02 6.54218E-02 6.54222E-02 6.54227E-02 6.54230E-02 6.54234E-02 6.54236E-02 6.54239E-02 6.54241E-02 6.54243E-02 6.54244E-02 6.54246E-02 6.54247E-02 6.54248E-02 6.54249E-02 6.54250E-02 6.54250E-02 6.54251E-02 6.54252E-02 6.54252E-02 % total
];

MAT_fuelsalt_MDENS = [
0.00000E+00 0.00000E+00 0.00000E+00 0.00000E+00 0.00000E+00 0.00000E+00 0.00000E+00 0.00000E+00 0.00000E+00 0.00000E+00 0.00000E+00 0.00000E+00 0.00000E+00 0.00000E+00 0.00000E+00 0.00000E+00 0.00000E+00 0.00000E+00 0.00000E+00 0.00000E+00 0.00000E+00 0.00000E+00 0.00000E+00 0.00000E+00 0.00000E+00 0.00000E+00 0.00000E+00 0.00000E+00 0.00000E+00 0.00000E+00 0.00000E+00 0.00000E+00 0.00000E+00 0.00000E+00 0.00000E+00 0.00000E+00 0.00000E+00 0.00000E+00 0.00000E+00 0.00000E+00 0.00000E+00 0.00000E+00 0.00000E+00 0.00000E+00 0.00000E+00 0.00000E+00 0.00000E+00 0.00000E+00 0.00000E+00 0.00000E+00 0.00000E+00 0.00000E+00 0.00000E+00 0.00000E+00 0.00000E+00 0.00000E+00 0.00000E+00 0.00000E+00 0.00000E+00 0.00000E+00 0.00000E+00 0.00000E+00 0.00000E+00 0.00000E+00 0.00000E+00 0.00000E+00 0.00000E+00 0.00000E+00 0.00000E+00 0.00000E+00 0.00000E+00 0.00000E+00 % lost data
3.28019E+00 3.28019E+00 3.28019E+00 3.28029E+00 3.28050E+00 3.28089E+00 3.28157E+00 3.28222E+00 3.28286E+00 3.28348E+00 3.28408E+00 3.28466E+00 3.28522E+00 3.28577E+00 3.28629E+00 3.28681E+00 3.28730E+00 3.28778E+00 3.28825E+00 3.28870E+00 3.28913E+00 3.28955E+00 3.28996E+00 3.29036E+00 3.29074E+00 3.29111E+00 3.29147E+00 3.29182E+00 3.29318E+00 3.29436E+00 3.29539E+00 3.29629E+00 3.29707E+00 3.29776E+00 3.29835E+00 3.29887E+00 3.29932E+00 3.29971E+00 3.30005E+00 3.30035E+00 3.30061E+00 3.30084E+00 3.30103E+00 3.30120E+00 3.30135E+00 3.30148E+00 3.30160E+00 3.30169E+00 3.30178E+00 3.30185E+00 3.30192E+00 3.30197E+00 3.30202E+00 3.30207E+00 3.30210E+00 3.30214E+00 3.30216E+00 3.30219E+00 3.30221E+00 3.30223E+00 3.30224E+00 3.30226E+00 3.30227E+00 3.30228E+00 3.30229E+00 3.30230E+00 3.30230E+00 3.30231E+00 3.30232E+00 3.30232E+00 3.30232E+00 3.30233E+00 % total
];

MAT_fuelsalt_A = [
0.00000E+00 0.00000E+00 0.00000E+00 0.00000E+00 0.00000E+00 0.00000E+00 0.00000E+00 0.00000E+00 0.00000E+00 0.00000E+00 0.00000E+00 0.00000E+00 0.00000E+00 0.00000E+00 0.00000E+00 0.00000E+00 0.00000E+00 0.00000E+00 0.00000E+00 0.00000E+00 0.00000E+00 0.00000E+00 0.00000E+00 0.00000E+00 0.00000E+00 0.00000E+00 0.00000E+00 0.00000E+00 0.00000E+00 0.00000E+00 0.00000E+00 0.00000E+00 0.00000E+00 0.00000E+00 0.00000E+00 0.00000E+00 0.00000E+00 0.00000E+00 0.00000E+00 0.00000E+00 0.00000E+00 0.00000E+00 0.00000E+00 0.00000E+00 0.00000E+00 0.00000E+00 0.00000E+00 0.00000E+00 0.00000E+00 0.00000E+00 0.00000E+00 0.00000E+00 0.00000E+00 0.00000E+00 0.00000E+00 0.00000E+00 0.00000E+00 0.00000E+00 0.00000E+00 0.00000E+00 0.00000E+00 0.00000E+00 0.00000E+00 0.00000E+00 0.00000E+00 0.00000E+00 0.00000E+00 0.00000E+00 0.00000E+00 0.00000E+00 0.00000E+00 0.00000E+00 % lost data
1.31843E+12 6.35108E+19 7.10525E+19 9.62472E+19 1.08662E+20 1.20337E+20 1.28194E+20 1.22839E+20 1.19923E+20 1.17992E+20 1.16080E+20 1.14956E+20 1.13742E+20 1.13154E+20 1.12452E+20 1.12101E+20 1.11742E+20 1.11126E+20 1.10750E+20 1.10168E+20 1.09771E+20 1.09906E+20 1.09213E+20 1.09274E+20 1.08679E+20 1.08779E+20 1.08839E+20 1.08807E+20 1.14227E+20 1.12317E+20 1.10591E+20 1.09447E+20 1.08656E+20 1.08491E+20 1.07533E+20 1.06905E+20 1.06070E+20 1.06490E+20 1.05460E+20 1.05533E+20 1.05473E+20 1.05096E+20 1.04540E+20 1.04757E+20 1.05143E+20 1.04591E+20 1.04638E+20 1.04824E+20 1.05014E+20 1.04733E+20 1.04206E+20 1.04493E+20 1.04082E+20 1.04055E+20 1.04350E+20 1.04525E+20 1.03872E+20 1.04224E+20 1.04250E+20 1.04351E+20 1.04611E+20 1.04307E+20 1.04659E+20 1.03891E+20 1.04277E+20 1.04703E+20 1.04589E+20 1.04605E+20 1.04440E+20 1.04687E+20 1.04295E+20 1.04740E+20 % total
];

